     1.00000000100000013825E-001      0.00000000000000000000E+0000
     2.00000000100000019376E-001      1.07293697209060782989E-4235
     3.00000000100000052683E-001      2.71160085471206851928E-1723
     4.00000000100000030478E-001      2.97166813729706476199E-0867
     5.00000000100000008274E-001      7.97982224655522005630E-0493
     6.00000000100000097092E-001      5.28063883423601311413E-0308
     7.00000000100000074887E-001      1.15514838783751167662E-0203
     8.00000000100000052683E-001      3.30272891334687749461E-0140
     9.00000000100000030478E-001      1.09845049051172211115E-0099
     1.00000000010000000827E+000      1.15448251161244063937E-0073
     1.10000000010000009709E+000      1.86091632932033595177E-0054
     1.20000000010000018591E+000      3.28795730869796536889E-0041
     1.30000000010000005268E+000      2.69147556023603740470E-0031
     1.40000000010000014150E+000      7.93758851157282572268E-0024
     1.50000000010000000827E+000      4.16456544417448598116E-0018
     1.60000000010000009709E+000      6.10316174038548149460E-0213
     1.70000000010000018591E+000      4.01467708834283020466E-0185
     1.80000000010000005268E+000      9.54067774620314386300E-0162
     1.90000000010000014150E+000      8.36786503449924997423E-0142
     2.00000000010000000827E+000      1.52197493833734536896E-0124
     2.10000000010000009709E+000      1.69954334033916643146E-0109
     2.20000000010000018591E+000      2.24045205837302914577E-0096
     2.30000000010000027473E+000      6.04435602330476138386E-0085
     2.40000000010000036355E+000      5.53753331939081295950E-0075
     2.50000000010000000827E+000      2.71210366028049610439E-0066
     2.60000000010000009709E+000      1.05888139742898033963E-0058
     2.70000000010000018591E+000      4.66645164340590618797E-0052
     2.80000000010000027473E+000      3.13478777153991595098E-0046
     2.90000000010000036355E+000      4.15602031962710904367E-0041
     3.00000000010000000827E+000      1.35914595375354858614E-0036
     3.10000000010000009709E+000      1.32937782845284610389E-0032
     3.20000000010000018591E+000      4.62525836297682440276E-0029
     3.30000000010000027473E+000      6.63493605616921389850E-0026
     3.40000000010000036355E+000      4.43432514056094312683E-0023
     3.50000000010000000827E+000      1.52880567659226748649E-0020
     3.60000000010000009709E+000      2.96160327771147311838E-0018
     3.70000000010000018591E+000      3.46475897449342278047E-0016
     3.80000000010000027473E+000      2.60237743836268645331E-0014
     3.90000000010000036355E+000      1.32218470606456118812E-0012
     4.00000000010000000827E+000      4.75533289698655950598E-0011
     4.10000000010000054118E+000      1.25793751040749483742E-0009
     4.20000000010000018591E+000      2.52562569222105745354E-0008
     4.30000000009999983064E+000      3.95804982152601446242E-0007
     4.40000000010000036355E+000      4.96291251628881489648E-0006
     4.50000000010000000827E+000      5.08902607048163118766E-0005
     4.60000000010000054118E+000      4.35105984340595175912E-0004
     4.70000000010000018591E+000      3.15569823519805340661E-0003
     4.80000000010000071882E+000      1.97147020376801868083E-0002
     4.90000000010000036355E+000      1.07550459759582830896E-0001
     5.00000000010000000827E+000      5.18824455028865460440E-0001
     5.10000000010000054118E+000      2.23750043137251913283E+0000
     5.20000000010000018591E+000      8.70937627304763559580E+0000
     5.30000000010000071882E+000      3.43286838927703385878E+0001
     5.40000000010000036355E+000      1.00448154834222420564E+0002
     5.50000000010000000827E+000      3.02459779881329760293E+0002
     5.60000000010000054118E+000      8.46606950994149763085E+0002
     5.70000000010000018591E+000      2.21600077200922086294E+0003
     5.80000000010000071882E+000      5.46244481378858220153E+0003
     5.90000000010000036355E+000      1.27291804281936223161E+0004
     6.00000000010000000827E+000      1.15335736055172893520E+0005
     6.10000000010000054118E+000      5.94310879836282956015E+0004
     6.20000000010000018591E+000      1.19935696247270149948E+0005
     6.30000000010000071882E+000      2.32502252214768742627E+0005
     6.40000000010000036355E+000      4.32941877274834869098E+0005
     6.50000000010000000827E+000      7.78811506671626996305E+0005
     6.60000000010000054118E+000      1.48686647986534478655E+0006
     6.70000000010000018591E+000      6.02234661562641879282E+0006
     6.80000000010000071882E+000      4.40227670959493274165E+0006
     6.90000000010000036355E+000      5.99139047330297647817E+0006
     7.00000000010000000827E+000      9.32347155432170344953E+0006
     7.10000000010000054118E+000      2.28270860914358407874E+0007
     7.20000000010000018591E+000      1.42322534131054393215E+0007
     7.30000000010000071882E+000      1.23105335202193470191E+0007
     7.40000000010000036355E+000      1.77347264409319524708E+0007
     7.50000000010000000827E+000      2.53951287690252507574E+0007
     7.60000000010000054118E+000      3.49448251520797729452E+0007
     7.70000000010000018591E+000      6.40736534933124917840E+0007
     7.80000000010000071882E+000      6.47720970569300596689E+0007
     7.90000000010000036355E+000      7.12671630572360125422E+0007
     8.00000000010000000827E+000      8.54412285238847054743E+0007
     8.10000000009999965300E+000      1.12295734618198259570E+0008
     8.20000000010000107409E+000      1.38486549493806688008E+0008
     8.30000000010000071882E+000      1.71538870836648517526E+0008
     8.40000000010000036355E+000      1.91294196213596573354E+0008
     8.50000000010000000827E+000      2.38008858636886821163E+0008
     8.60000000009999965300E+000      2.93418946943563101351E+0008
     8.70000000010000107409E+000      3.58591810250589078657E+0008
     8.80000000010000071882E+000      4.34639671046838235855E+0008
     8.90000000010000036355E+000      5.22711316334339580610E+0008
     9.00000000010000000827E+000      6.23983115089422348112E+0008
     9.10000000009999965300E+000      7.39649530035315331329E+0008
     9.20000000010000107409E+000      8.70913293450251759254E+0008
     9.30000000010000071882E+000      1.01897541390340898363E+0009
     9.40000000010000036355E+000      1.18502517410154909496E+0009
     9.50000000010000000827E+000      1.37023027015026137835E+0009
     9.60000000010000142936E+000      1.57572723018903336347E+0009
     9.70000000010000107409E+000      1.80261223621051770448E+0009
     9.80000000010000071882E+000      2.05193245752746068668E+0009
     9.90000000010000036355E+000      2.32467799374460722505E+0009
     1.00000000001000000083E+001      2.62339559126303246542E+0009
     1.01000000001000014294E+001      2.94947471985727059129E+0009
     1.02000000001000010741E+001      3.30233376865314056716E+0009
     1.03000000001000007188E+001      3.68274417054205007229E+0009
     1.04000000001000003635E+001      4.09139060573788686535E+0009
     1.05000000001000000083E+001      4.52886688243586959465E+0009
     1.06000000001000014294E+001      4.99567265662607022221E+0009
     1.07000000001000010741E+001      5.49221098454901590104E+0009
     1.08000000001000007188E+001      6.01878669142610979829E+0009
     1.09000000001000003635E+001      6.57560553134314143133E+0009
     1.10000000001000000083E+001      7.16277410552638307668E+0009
     1.11000000001000014294E+001      7.78030049973889193927E+0009
     1.12000000001000010741E+001      8.42809559610891349217E+0009
     1.13000000001000007188E+001      9.10597501036402162034E+0009
     1.14000000001000003635E+001      9.81366160212997199395E+0009
     1.15000000001000000083E+001      1.05507885036111963244E+0010
     1.16000000001000014294E+001      1.13169026105311492734E+0010
     1.17000000001000010741E+001      1.21114684786121841466E+0010
     1.18000000001000007188E+001      1.29338725690272411029E+0010
     1.19000000001000003635E+001      1.37834277870897864972E+0010
     1.20000000001000000083E+001      1.46593782598764444916E+0010
     1.21000000001000014294E+001      1.55609043004176465897E+0010
     1.22000000001000010741E+001      1.64871275084676148692E+0010
     1.23000000001000007188E+001      1.74371159605887705338E+0010
     1.24000000001000003635E+001      1.84098894453028605022E+0010
     1.25000000001000000083E+001      1.94044247022653448142E+0010
     1.26000000001000014294E+001      2.04196606277957046288E+0010
     1.27000000001000010741E+001      2.14545034125333122254E+0010
     1.28000000001000007188E+001      2.25078315804672715556E+0010
     1.29000000001000003635E+001      2.35785009020569658325E+0010
     1.30000000001000000083E+001      2.46653491575502453394E+0010
     1.31000000001000014294E+001      2.57672007299274097349E+0010
     1.32000000001000010741E+001      2.68828710100778285184E+0010
     1.33000000001000007188E+001      2.80111705998508328347E+0010
     1.34000000001000003635E+001      2.91509093015008061318E+0010
     1.35000000001000000083E+001      3.03008998847257156148E+0010
     1.36000000001000014294E+001      3.14599616249999599733E+0010
     1.37000000001000010741E+001      3.26269236091978872269E+0010
     1.38000000001000007188E+001      3.38006278066037604888E+0010
     1.39000000001000003635E+001      3.49799319052998715635E+0010
     1.40000000001000000083E+001      3.61637119156221090885E+0010
     1.41000000001000014294E+001      3.73508645438819325252E+0010
     1.42000000001000010741E+001      3.85403093408705180027E+0010
     1.43000000001000007188E+001      3.97309906308043765351E+0010
     1.44000000001000003635E+001      4.09218792273491282214E+0010
     1.45000000001000000083E+001      4.21119739441672600909E+0010
     1.46000000001000014294E+001      4.33003029081113327680E+0010
     1.47000000001000010741E+001      4.44859246837072138219E+0010
     1.48000000001000007188E+001      4.56679292179895837199E+0010
     1.49000000001000003635E+001      4.68454386150308339289E+0010
     1.50000000001000000083E+001      4.80226896118490766144E+0010
     1.51000000001000014294E+001      4.91990600119258921267E+0010
     1.52000000001000010741E+001      5.03686555047786238156E+0010
     1.53000000001000007188E+001      5.15307098151311334862E+0010
     1.54000000001000003635E+001      5.26844912786077216226E+0010
     1.55000000001000000083E+001      5.38293024854187961795E+0010
     1.56000000001000014294E+001      5.49644801788153134836E+0010
     1.57000000001000010741E+001      5.60893950519301893331E+0010
     1.58000000001000007188E+001      5.72034514518076801368E+0010
     1.59000000001000003635E+001      5.83060869991249504488E+0010
     1.60000000000999982319E+001      5.93967721317594936279E+0010
     1.61000000000999996530E+001      6.04750095800362848668E+0010
     1.62000000000999975214E+001      6.15403337810814812261E+0010
     1.63000000000999989425E+001      6.25923102393718934243E+0010
     1.64000000001000003635E+001      6.36305348401688140178E+0010
     1.65000000000999982319E+001      6.46546331221470017499E+0010
     1.66000000000999996530E+001      6.56642595151527198725E+0010
     1.67000000000999975214E+001      6.66590965486386198102E+0010
     1.68000000000999989425E+001      6.76388540359665748507E+0010
     1.69000000001000003635E+001      6.86032682393906350489E+0010
     1.70000000000999982319E+001      6.95521010201951956664E+0010
     1.71000000000999996530E+001      7.04851389781086144507E+0010
     1.72000000000999975214E+001      7.14021925837953017561E+0010
     1.73000000000999989425E+001      7.23030953079050470841E+0010
     1.74000000001000003635E+001      7.31877027498581086393E+0010
     1.75000000000999982319E+001      7.40558917692591047141E+0010
     1.76000000000999996530E+001      7.49075596225564752747E+0010
     1.77000000000999975214E+001      7.57426231073042744970E+0010
     1.78000000000999989425E+001      7.65610177161414247221E+0010
     1.79000000001000003635E+001      7.73626968023713991559E+0010
     1.80000000000999982319E+001      7.81476307588050330099E+0010
     1.81000000000999996530E+001      7.89158062113380063368E+0010
     1.82000000000999975214E+001      7.96672252285301973126E+0010
     1.83000000000999989425E+001      8.04019045482918444576E+0010
     1.84000000001000003635E+001      8.11198748226106515214E+0010
     1.85000000000999982319E+001      8.18211798811051630992E+0010
     1.86000000000999996530E+001      8.25058760140495919316E+0010
     1.87000000000999975214E+001      8.31740312753871786686E+0010
     1.88000000000999989425E+001      8.38257248061342864396E+0010
     1.89000000001000003635E+001      8.44610461784609843847E+0010
     1.90000000000999982319E+001      8.50800947606502396953E+0010
     1.91000000000999996530E+001      8.56829791030305640093E+0010
     1.92000000001000010741E+001      8.62698163449133293829E+0010
     1.93000000000999989425E+001      8.68407316424803571827E+0010
     1.94000000001000003635E+001      8.73958576175097613212E+0010
     1.95000000000999982319E+001      8.79353338267649133699E+0010
     1.96000000000999996530E+001      8.84593062518218493483E+0010
     1.97000000001000010741E+001      8.89679268090635498611E+0010
     1.98000000000999989425E+001      8.94613528795287223840E+0010
     1.99000000001000003635E+001      8.99397468582696462711E+0010
     2.00000000000999982319E+001      9.04065691631529678253E+0010
     2.01000000000999996530E+001      9.08618480661887401615E+0010
     2.02000000001000010741E+001      9.13024818023208954172E+0010
     2.03000000000999989425E+001      9.17286482790371227669E+0010
     2.04000000001000003635E+001      9.21405287373929635207E+0010
     2.05000000000999982319E+001      9.25383072722733709103E+0010
     2.06000000000999996530E+001      9.29221704970698507868E+0010
     2.07000000001000010741E+001      9.32923072246635723077E+0010
     2.08000000000999989425E+001      9.36489081642173684810E+0010
     2.09000000001000003635E+001      9.39921656332893484877E+0010
     2.10000000000999982319E+001      9.43222732847660307427E+0010
     2.11000000000999996530E+001      9.46394258481246743364E+0010
     2.12000000001000010741E+001      9.49438188845314420595E+0010
     2.13000000000999989425E+001      9.52356485552855981238E+0010
     2.14000000001000003635E+001      9.55151114031283960604E+0010
     2.15000000000999982319E+001      9.57824041459385903216E+0010
     2.16000000000999996530E+001      9.60377234823435190580E+0010
     2.17000000001000010741E+001      9.62812659087860816944E+0010
     2.18000000000999989425E+001      9.65132275475927318859E+0010
     2.19000000001000003635E+001      9.67338039855985307880E+0010
     2.20000000000999982319E+001      9.69431901228964597705E+0010
     2.21000000000999996530E+001      9.71415800312871870845E+0010
     2.22000000001000010741E+001      9.73291668220149664253E+0010
     2.23000000000999989425E+001      9.75061425223897934216E+0010
     2.24000000001000003635E+001      9.76726979609032338042E+0010
     2.25000000000999982319E+001      9.78290226604590889091E+0010
     2.26000000000999996530E+001      9.79753047393525185044E+0010
     2.27000000001000010741E+001      9.81117308196361615588E+0010
     2.28000000000999989425E+001      9.82384859425349799588E+0010
     2.29000000001000003635E+001      9.83557534905689580983E+0010
     2.30000000000999982319E+001      9.84637151160664714860E+0010
     2.31000000000999996530E+001      9.85625506757534268599E+0010
     2.32000000001000010741E+001      9.86524381711212069219E+0010
     2.33000000000999989425E+001      9.87335536942805449955E+0010
     2.34000000001000003635E+001      9.88060713790252857279E+0010
     2.35000000000999982319E+001      9.88701633568378928589E+0010
     2.36000000000999996530E+001      9.89259997175765003084E+0010
     2.37000000001000010741E+001      9.89737484745995122886E+0010
     2.38000000000999989425E+001      9.90135755340864830433E+0010
     2.39000000001000003635E+001      9.90456446683305118670E+0010
     2.40000000000999982319E+001      9.90701174927795169981E+0010
     2.41000000000999996530E+001      9.90871534466206399432E+0010
     2.42000000001000010741E+001      9.90969097767039122307E+0010
     2.43000000000999989425E+001      9.90995415246150692144E+0010
     2.44000000001000003635E+001      9.90952015167119719586E+0010
     2.45000000000999982319E+001      9.90840403569503472817E+0010
     2.46000000000999996530E+001      9.90662064223292948750E+0010
     2.47000000001000010741E+001      9.90418458607980586420E+0010
     2.48000000000999989425E+001      9.90111025914692064806E+0010
     2.49000000001000003635E+001      9.89741183069922763871E+0010
     2.50000000000999982319E+001      9.89310324779501329104E+0010
     2.51000000000999996530E+001      9.88819823591436246495E+0010
     2.52000000001000010741E+001      9.88271029976386304443E+0010
     2.53000000000999989425E+001      9.87665272424556305531E+0010
     2.54000000001000003635E+001      9.87003857557860098576E+0010
     2.55000000000999982319E+001      9.86288070256281753733E+0010
     2.56000000000999996530E+001      9.85519173797372369308E+0010
     2.57000000001000010741E+001      9.84698410007934071511E+0010
     2.58000000000999989425E+001      9.83826999426910902469E+0010
     2.59000000001000003635E+001      9.82906141478656887557E+0010
     2.60000000000999982319E+001      9.81937014655680942215E+0010
     2.61000000000999996530E+001      9.80920776710129519039E+0010
     2.62000000001000010741E+001      9.79858564853196839495E+0010
     2.63000000000999989425E+001      9.78751495961796487063E+0010
     2.64000000001000003635E+001      9.77600666791783785681E+0010
     2.65000000000999982319E+001      9.76407154197109089080E+0010
     2.66000000000999996530E+001      9.75172015354280969521E+0010
     2.67000000001000010741E+001      9.73896287991585818793E+0010
     2.68000000000999989425E+001      9.72580990622508910151E+0010
     2.69000000001000003635E+001      9.71227122782861316194E+0010
     2.70000000000999982319E+001      9.69835665271120859339E+0010
     2.71000000000999996530E+001      9.68407580391543500180E+0010
     2.72000000001000010741E+001      9.66943812199619283271E+0010
     2.73000000000999989425E+001      9.65445286749468789019E+0010
     2.74000000001000003635E+001      9.63912912342809985845E+0010
     2.75000000000999982319E+001      9.62347579779132925078E+0010
     2.76000000000999996530E+001      9.60750162606766239096E+0010
     2.77000000001000010741E+001      9.59121517374509329412E+0010
     2.78000000000999989425E+001      9.57462483883547640905E+0010
     2.79000000001000003635E+001      9.55773885439381963476E+0010
     2.80000000000999982319E+001      9.54056529103507051479E+0010
     2.81000000000999996530E+001      9.52311205944617224722E+0010
     2.82000000001000010741E+001      9.50538691289101258287E+0010
     2.83000000000999989425E+001      9.48739744970635277988E+0010
     2.84000000001000003635E+001      9.46915111578675463540E+0010
     2.85000000000999982319E+001      9.45065520705674945772E+0010
     2.86000000000999996530E+001      9.43191687192853976131E+0010
     2.87000000001000010741E+001      9.41294311374388640239E+0010
     2.88000000000999989425E+001      9.39374079319852086585E+0010
     2.89000000001000003635E+001      9.37431663074806766227E+0010
     2.90000000000999982319E+001      9.35467720899404444354E+0010
     2.91000000000999996530E+001      9.33482897504903847212E+0010
     2.92000000001000010741E+001      9.31477824287991186477E+0010
     2.93000000000999989425E+001      9.29453119562828236106E+0010
     2.94000000001000003635E+001      9.27409388790732380086E+0010
     2.95000000000999982319E+001      9.25347224807418697268E+0010
     2.96000000000999996530E+001      9.23267208047744541267E+0010
     2.97000000001000010741E+001      9.21169906767883826134E+0010
     2.98000000000999989425E+001      9.19055877264888738681E+0010
     2.99000000001000003635E+001      9.16925664093584441758E+0010
     3.00000000000999982319E+001      9.14786275334926422108E+0010
     3.01000000000999996530E+001      9.12638824631691490635E+0010
     3.02000000001000010741E+001      9.10476406202408559636E+0010
     3.03000000000999989425E+001      9.08299510431505522526E+0010
     3.04000000001000003635E+001      9.06108633370360126589E+0010
     3.05000000000999982319E+001      9.03904260469908097505E+0010
     3.06000000000999996530E+001      9.01686866778222029488E+0010
     3.07000000001000010741E+001      8.99456917135306077712E+0010
     3.08000000000999989425E+001      8.97214866365103507463E+0010
     3.09000000001000003635E+001      8.94961159464700824993E+0010
     3.10000000000999982319E+001      8.92696231790729871636E+0010
     3.11000000000999996530E+001      8.90420509242972014506E+0010
     3.12000000001000010741E+001      8.88134408445161769348E+0010
     3.13000000000999989425E+001      8.85838336922996082368E+0010
     3.14000000001000003635E+001      8.83532693279360752595E+0010
     3.15000000000999982319E+001      8.81217867366779273063E+0010
     3.16000000000999996530E+001      8.78894240457102330127E+0010
     3.17000000001000010741E+001      8.76562185408447107300E+0010
     3.18000000000999989425E+001      8.74222066829406664483E+0010
     3.19000000001000003635E+001      8.71874241240544752702E+0010
     3.20000000001000017846E+001      8.69519057233196834076E+0010
     3.21000000001000032057E+001      8.67156855625598965857E+0010
     3.22000000001000046268E+001      8.64787969616363740025E+0010
     3.23000000001000060479E+001      8.62412724935333607333E+0010
     3.24000000001000003635E+001      8.60031439991826708917E+0010
     3.25000000001000017846E+001      8.57644426020308432813E+0010
     3.26000000001000032057E+001      8.55251987223512383825E+0010
     3.27000000001000046268E+001      8.52854420913039487774E+0010
     3.28000000001000060479E+001      8.50452017647459261252E+0010
     3.29000000001000003635E+001      8.48045061367949548322E+0010
     3.30000000001000017846E+001      8.45633829531493991945E+0010
     3.31000000001000032057E+001      8.43218593241678112074E+0010
     3.32000000001000046268E+001      8.40799617377103612596E+0010
     3.33000000001000060479E+001      8.38377160717463164696E+0010
     3.34000000001000003635E+001      8.35951476067294252887E+0010
     3.35000000001000017846E+001      8.33522810377449743199E+0010
     3.36000000001000032057E+001      8.31091404864324157616E+0010
     3.37000000001000046268E+001      8.28657495126848695169E+0010
     3.38000000001000060479E+001      8.26221311261305107372E+0010
     3.39000000001000003635E+001      8.23783077973979868412E+0010
     3.40000000001000017846E+001      8.21343014691694167769E+0010
     3.41000000001000032057E+001      8.18901335670242744853E+0010
     3.42000000001000046268E+001      8.16458250100768307893E+0010
     3.43000000001000060479E+001      8.14013962214109480593E+0010
     3.44000000001000003635E+001      8.11568671383152402900E+0010
     3.45000000001000017846E+001      8.09122572223214167427E+0010
     3.46000000001000032057E+001      8.06675854690493895750E+0010
     3.47000000001000046268E+001      8.04228704178621417743E+0010
     3.48000000001000060479E+001      8.01781301613333437534E+0010
     3.49000000001000003635E+001      7.99333823545312500797E+0010
     3.50000000001000017846E+001      7.96886442241209510872E+0010
     3.51000000001000032057E+001      7.94439325772896510580E+0010
     3.52000000001000046268E+001      7.91992638104963321435E+0010
     3.53000000001000060479E+001      7.89546539180498947258E+0010
     3.54000000001000003635E+001      7.87101185005183641838E+0010
     3.55000000001000017846E+001      7.84656727729719676446E+0010
     3.56000000001000032057E+001      7.82213315730636145745E+0010
     3.57000000001000046268E+001      7.79771093689486268383E+0010
     3.58000000001000060479E+001      7.77330202670477368678E+0010
     3.59000000001000003635E+001      7.74890780196552558997E+0010
     3.60000000001000017846E+001      7.72452960323955380622E+0010
     3.61000000001000032057E+001      7.70016873715309919335E+0010
     3.62000000001000046268E+001      7.67582647711231355652E+0010
     3.63000000001000060479E+001      7.65150406400506773332E+0010
     3.64000000001000003635E+001      7.62720270688864244436E+0010
     3.65000000001000017846E+001      7.60292358366360829661E+0010
     3.66000000001000032057E+001      7.57866784173410921812E+0010
     3.67000000001000046268E+001      7.55443659865486337302E+0010
     3.68000000001000060479E+001      7.53023094276506584306E+0010
     3.69000000001000003635E+001      7.50605193380949037208E+0010
     3.70000000001000017846E+001      7.48190060354699042111E+0010
     3.71000000001000032057E+001      7.45777795634669123446E+0010
     3.72000000001000046268E+001      7.43368496977205759609E+0010
     3.73000000001000060479E+001      7.40962259515309236042E+0010
     3.74000000001000003635E+001      7.38559175814690201867E+0010
     3.75000000001000017846E+001      7.36159335928682126488E+0010
     3.76000000001000032057E+001      7.33762827452035791699E+0010
     3.77000000001000046268E+001      7.31369735573616493795E+0010
     3.78000000001000060479E+001      7.28980143128020656790E+0010
     3.79000000001000003635E+001      7.26594130646141246690E+0010
     3.80000000001000017846E+001      7.24211776404693818880E+0010
     3.81000000001000032057E+001      7.21833156474732154004E+0010
     3.82000000001000046268E+001      7.19458344769165372037E+0010
     3.83000000001000060479E+001      7.17087413089301046830E+0010
     3.84000000001000074690E+001      7.14720431170433809245E+0010
     3.85000000001000017846E+001      7.12357466726493956433E+0010
     3.86000000001000032057E+001      7.09998585493779782265E+0010
     3.87000000001000046268E+001      7.07643851273789810734E+0010
     3.88000000001000060479E+001      7.05293325975171406045E+0010
     3.89000000001000074690E+001      7.02947069654805210686E+0010
     3.90000000001000017846E+001      7.00605140558043153825E+0010
     3.91000000001000032057E+001      6.98267595158114598581E+0010
     3.92000000001000046268E+001      6.95934488194720267672E+0010
     3.93000000001000060479E+001      6.93605872711826903239E+0010
     3.94000000001000074690E+001      6.91281800094683074174E+0010
     3.95000000001000017846E+001      6.88962320106067227529E+0010
     3.96000000001000032057E+001      6.86647480921786053571E+0010
     3.97000000001000046268E+001      6.84337329165439510088E+0010
     3.98000000001000060479E+001      6.82031909942463201477E+0010
     3.99000000001000074690E+001      6.79731268103703434326E+0010
     4.00000000001000017846E+001      6.77436342821703502573E+0010
     4.01000000001000032057E+001      6.75146954516180274380E+0010
     4.02000000001000046268E+001      6.72862425959423134723E+0010
     4.03000000001000060479E+001      6.70582795915575933940E+0010
     4.04000000001000074690E+001      6.68308101805341329052E+0010
     4.05000000001000017846E+001      6.66038379735694324781E+0010
     4.06000000001000032057E+001      6.63773664528977065438E+0010
     4.07000000001000046268E+001      6.61513989751388429723E+0010
     4.08000000001000060479E+001      6.59259387740882715281E+0010
     4.09000000001000074690E+001      6.57009889634485863527E+0010
     4.10000000001000017846E+001      6.54765525395044064270E+0010
     4.11000000001000032057E+001      6.52526323837415685224E+0010
     4.12000000001000046268E+001      6.50292312654117847421E+0010
     4.13000000001000060479E+001      6.48063518440437469087E+0010
     4.14000000001000074690E+001      6.45839966719020866759E+0010
     4.15000000001000017846E+001      6.43621681963949237074E+0010
     4.16000000001000032057E+001      6.41408687624312521939E+0010
     4.17000000001000046268E+001      6.39201006147293375532E+0010
     4.18000000001000060479E+001      6.36998659000766731287E+0010
     4.19000000001000074690E+001      6.34801666695429515544E+0010
     4.20000000001000017846E+001      6.32610048806468968044E+0010
     4.21000000001000032057E+001      6.30423823994776255168E+0010
     4.22000000001000046268E+001      6.28243010027720416697E+0010
     4.23000000001000060479E+001      6.17988355751508973507E+0011
     4.24000000001000074690E+001      6.23897681350983988825E+0010
     4.25000000001000017846E+001      6.21733197889354849155E+0010
     4.26000000001000032057E+001      6.19574187807051792413E+0010
     4.27000000001000046268E+001      6.17420664700535643429E+0010
     4.28000000001000060479E+001      6.15272641388572477869E+0010
     4.29000000001000074690E+001      1.07462736671492484007E+0012
     4.30000000001000017846E+001      6.10993141642027816068E+0010
     4.31000000001000032057E+001      6.08861687115894402743E+0010
     4.32000000001000046268E+001      6.06735776235201201787E+0010
     4.33000000001000060479E+001      6.04615418191616532051E+0010
     4.34000000001000074690E+001      6.02500621501146319940E+0010
     4.35000000001000017846E+001      6.00391394019914925687E+0010
     4.36000000001000032057E+001      5.98287742959614928400E+0010
     4.37000000001000046268E+001      5.96189674902634705065E+0010
     4.38000000001000060479E+001      5.94097195816867255707E+0010
     4.39000000001000074690E+001      5.92010311070208875932E+0010
     4.40000000001000017846E+001      5.89929025444754884503E+0010
     4.41000000001000032057E+001      5.87853343150695285143E+0010
     4.42000000001000046268E+001      5.85783267839921215688E+0010
     4.43000000001000060479E+001      5.83718802619344379522E+0010
     4.44000000001000074690E+001      5.81659950063936993237E+0010
     4.45000000001000017846E+001      5.79606712229498810281E+0010
     4.46000000001000032057E+001      5.77559090665153520069E+0010
     4.47000000001000046268E+001      5.75517086425585912755E+0010
     4.48000000001000060479E+001      5.73480700083019004756E+0010
     4.49000000001000074690E+001      5.71449931738940886021E+0010
     4.50000000001000017846E+001      5.69424781035584031809E+0010
     4.51000000001000032057E+001      5.67405247167163302794E+0010
     4.52000000001000046268E+001      5.65391328890878015185E+0010
     4.53000000001000060479E+001      5.63383024537681237241E+0010
     4.54000000001000074690E+001      5.61380332022823410030E+0010
     4.55000000001000017846E+001      5.59383248856172973819E+0010
     4.56000000001000032057E+001      5.57391772152319024099E+0010
     4.57000000001000046268E+001      5.55405898640462914830E+0010
     4.58000000001000060479E+001      5.53425624674099367941E+0010
     4.59000000001000074690E+001      5.51450946240493304462E+0010
     4.60000000001000017846E+001      5.49481858969957540619E+0010
     4.61000000001000032057E+001      5.47518358144933876715E+0010
     4.62000000001000046268E+001      5.45560438708883049265E+0010
     4.63000000001000060479E+001      5.43608095274985270812E+0010
     4.64000000001000074690E+001      5.41661322134658393910E+0010
     4.65000000001000017846E+001      5.39720113265894862101E+0010
     4.66000000001000032057E+001      5.37784462341421688756E+0010
     4.67000000001000046268E+001      5.35854362736689892999E+0010
     4.68000000001000060479E+001      5.33929807537691481465E+0010
     4.69000000001000074690E+001      5.32010789548612809545E+0010
     4.70000000001000017846E+001      5.30097301299325106758E+0010
     4.71000000001000032057E+001      5.28189335052715623822E+0010
     4.72000000001000046268E+001      5.26286882811863113445E+0010
     4.73000000001000060479E+001      5.24389936327061524478E+0010
     4.74000000001000074690E+001      5.22498487102693545630E+0010
     4.75000000001000017846E+001      5.20612526403958173341E+0010
     4.76000000001000032057E+001      5.18732045263454374619E+0010
     4.77000000001000046268E+001      5.16857034487626232746E+0010
     4.78000000001000060479E+001      5.14987484663068781828E+0010
     4.79000000001000074690E+001      5.13123386162700206314E+0010
     4.80000000001000017846E+001      5.11264729151802236876E+0010
     4.81000000001000032057E+001      5.09411503593930664431E+0010
     4.82000000001000046268E+001      5.07563699256701155673E+0010
     4.83000000001000060479E+001      5.05721305717449470419E+0010
     4.84000000001000074690E+001      5.03884312368771475206E+0010
     4.85000000001000017846E+001      1.67439078637699060946E+0011
     4.86000000001000032057E+001      2.76945110240781272547E+0011
     4.87000000001000046268E+001      4.98405624734067297596E+0010
     4.88000000001000060479E+001      4.96590122566151435004E+0010
     4.89000000001000074690E+001      4.94779964966402368623E+0010
     4.90000000001000017846E+001      4.92975140328828876541E+0010
     4.91000000001000032057E+001      4.91175636898286101625E+0010
     4.92000000001000046268E+001      4.89381442775131706418E+0010
     4.93000000001000060479E+001      4.87592545919780027011E+0010
     4.94000000001000074690E+001      4.85808934157159443544E+0010
     4.95000000001000017846E+001      4.84030595181071495586E+0010
     4.96000000001000032057E+001      4.82257516558456870754E+0010
     4.97000000001000046268E+001      4.80489685733568729409E+0010
     4.98000000001000060479E+001      4.78727090032054599425E+0010
     4.99000000001000074690E+001      1.26851740778999337970E+0011
     5.00000000001000017846E+001      4.75218271363490305798E+0010
     5.01000000001000032057E+001      4.73472777825594552638E+0010
     5.02000000001000046268E+001      4.42553291660166559064E+0010
     5.03000000001000060479E+001      4.25452659960112005801E+0010
     5.04000000001000074690E+001      4.24141584457677955684E+0010
     5.05000000001000017846E+001      4.22831627698796908898E+0010
     5.06000000001000032057E+001      4.21522816757402413016E+0010
     5.07000000001000046268E+001      4.20215178200555522471E+0010
     5.08000000001000060479E+001      4.18908738095833426729E+0010
     5.09000000001000074690E+001      4.17603522018619614306E+0010
     5.10000000001000017846E+001      4.16299555059296424182E+0010
     5.11000000001000032057E+001      4.14996861830340967788E+0010
     5.12000000001000046268E+001      4.13695466473327195828E+0010
     5.13000000001000060479E+001      4.12395392665831473492E+0010
     5.14000000001000074690E+001      4.11096663628247536364E+0010
     5.15000000001000017846E+001      4.09799302130507780504E+0010
     5.16000000001000032057E+001      4.08503330498714450263E+0010
     5.17000000001000046268E+001      4.07208770621681248398E+0010
     5.18000000001000060479E+001      4.05915643957385497234E+0010
     5.19000000001000074690E+001      4.04623971539333527134E+0010
     5.20000000001000017846E+001      4.03333773982838933436E+0010
     5.21000000001000032057E+001      4.02045071491215099815E+0010
     5.22000000001000046268E+001      4.00757883861884122831E+0010
     5.23000000001000060479E+001      3.99472230492401478056E+0010
     5.24000000001000074690E+001      3.98188130386398411189E+0010
     5.25000000001000017846E+001      3.96905602159443393436E+0010
     5.26000000001000032057E+001      3.95624664044822018417E+0010
     5.27000000001000046268E+001      3.94345333899239061735E+0010
     5.28000000001000060479E+001      3.93067629208440701693E+0010
     5.29000000001000074690E+001      3.91791567092760275080E+0010
     5.30000000001000017846E+001      3.90517164312586914217E+0010
     5.31000000001000032057E+001      3.89244437273758705403E+0010
     5.32000000001000046268E+001      3.87973402032881993771E+0010
     5.33000000001000060479E+001      3.86704074302576148498E+0010
     5.34000000001000074690E+001      3.85436469456646264217E+0010
     5.35000000001000017846E+001      3.84170602535183820432E+0010
     5.36000000001000032057E+001      3.82906488249596211924E+0010
     5.37000000001000046268E+001      3.81644140987567261728E+0010
     5.38000000001000060479E+001      3.80383574817947838159E+0010
     5.39000000001000074690E+001      3.79124803495578658504E+0010
     5.40000000001000017846E+001      3.77867840466045737301E+0010
     5.41000000001000032057E+001      3.76612698870369112398E+0010
     5.42000000001000046268E+001      3.75359391549627372919E+0010
     5.43000000001000060479E+001      3.74107931049515427616E+0010
     5.44000000001000074690E+001      3.72858329624840204802E+0010
     5.45000000001000017846E+001      3.71610599243952489542E+0010
     5.46000000001000032057E+001      3.70364751593116584950E+0010
     5.47000000001000046268E+001      3.69120798080819150246E+0010
     5.48000000001000060479E+001      3.67878749842016708609E+0010
     5.49000000001000074690E+001      3.66638617742324359168E+0010
     5.50000000001000017846E+001      3.65400412382144408182E+0010
     5.51000000001000032057E+001      3.64164144100737576941E+0010
     5.52000000001000046268E+001      3.62929822980236872997E+0010
     5.53000000001000060479E+001      3.61697458849604193602E+0010
     5.54000000001000074690E+001      3.60467061288531605398E+0010
     5.55000000001000017846E+001      3.59238639631287308658E+0010
     5.56000000001000032057E+001      3.58012202970506497712E+0010
     5.57000000001000046268E+001      3.56787760160930287693E+0010
     5.58000000001000060479E+001      3.55565319823089672423E+0010
     5.59000000001000074690E+001      3.54344890346938481456E+0010
     5.60000000001000017846E+001      3.53126479895434579732E+0010
     5.61000000001000032057E+001      3.51910096408069440089E+0010
     5.62000000001000046268E+001      3.50695747604349146450E+0010
     5.63000000001000060479E+001      3.49483440987224089992E+0010
     5.64000000001000074690E+001      3.48273183846471308135E+0010
     5.65000000001000017846E+001      3.47064983262027747836E+0010
     5.66000000001000032057E+001      3.45858846107276333582E+0010
     5.67000000001000046268E+001      3.44654779052285511829E+0010
     5.68000000001000060479E+001      3.43452788567001778065E+0010
     5.69000000001000074690E+001      3.42252880924397811334E+0010
     5.70000000001000017846E+001      3.41055062203574217742E+0010
     5.71000000001000032057E+001      3.39859338292817932237E+0010
     5.72000000001000046268E+001      3.38665714892616855345E+0010
     5.73000000001000060479E+001      3.37474197518630811439E+0010
     5.74000000001000074690E+001      3.36284791504620320925E+0010
     5.75000000001000017846E+001      3.35097502005333320286E+0010
     5.76000000001000032057E+001      3.33912333999350333500E+0010
     5.77000000001000046268E+001      3.32729292291889475207E+0010
     5.78000000001000060479E+001      3.31548381517570182126E+0010
     5.79000000001000074690E+001      3.30369606143138060854E+0010
     5.80000000001000017846E+001      3.29192970470150447941E+0010
     5.81000000001000032057E+001      3.28018478637622668642E+0010
     5.82000000001000046268E+001      3.26846134624637436063E+0010
     5.83000000001000060479E+001      3.25675942252915623877E+0010
     5.84000000001000074690E+001      3.24507905189350518378E+0010
     5.85000000001000017846E+001      3.23342026948505555580E+0010
     5.86000000001000032057E+001      3.22178310895075730172E+0010
     5.87000000001000046268E+001      3.21016760246313963848E+0010
     5.88000000001000060479E+001      3.19857378074422111540E+0010
     5.89000000001000074690E+001      3.18700167308907732356E+0010
     5.90000000001000017846E+001      3.17545130738906281758E+0010
     5.91000000001000032057E+001      3.16392271015470241338E+0010
     5.92000000001000046268E+001      3.15241590653825317507E+0010
     5.93000000001000060479E+001      3.14093092035593185839E+0010
     5.94000000001000074690E+001      3.12946777410982937561E+0010
     5.95000000001000017846E+001      3.11802648900950297690E+0010
     5.96000000001000032057E+001      3.10660708499325265582E+0010
     5.97000000001000046268E+001      3.09520958074910131155E+0010
     5.98000000001000060479E+001      3.08383399373545483024E+0010
     5.99000000001000074690E+001      3.07248034020147521471E+0010
     6.00000000001000017846E+001      3.06114873471222387264E+0010
     6.01000000001000032057E+001      3.04983914121704735718E+0010
     6.02000000001000046268E+001      3.03855152105427695731E+0010
     6.03000000001000060479E+001      3.02728588668976654820E+0010
     6.04000000001000074690E+001      3.01604224943317267022E+0010
     6.05000000001000017846E+001      3.00482061946145421163E+0010
     6.06000000001000032057E+001      2.99362100583843245547E+0010
     6.07000000001000046268E+001      2.98244341653406806716E+0010
     6.08000000001000060479E+001      2.97128785844342571856E+0010
     6.09000000001000074690E+001      2.96015433740536957957E+0010
     6.10000000001000017846E+001      2.94904285822096326240E+0010
     6.11000000001000032057E+001      2.93795342467159366857E+0010
     6.12000000001000046268E+001      2.92688603953682397891E+0010
     6.13000000001000060479E+001      2.91584070461196668436E+0010
     6.14000000001000074690E+001      2.90481742072540013015E+0010
     6.15000000001000017846E+001      2.89381618775561420742E+0010
     6.16000000001000032057E+001      2.88283700464799508910E+0010
     6.17000000001000046268E+001      2.87187986943136662381E+0010
     6.18000000001000060479E+001      2.86094477923426654285E+0010
     6.19000000001000074690E+001      2.85003173030098439076E+0010
     6.20000000001000017846E+001      2.83914071800735064436E+0010
     6.21000000001000032057E+001      2.82827173687628318285E+0010
     6.22000000001000046268E+001      2.81742478059310926910E+0010
     6.23000000001000060479E+001      2.80659984202063662795E+0010
     6.24000000001000074690E+001      2.79579691321400956107E+0010
     6.25000000001000017846E+001      2.78501598543533002977E+0010
     6.26000000001000032057E+001      2.77425704916805773522E+0010
     6.27000000001000046268E+001      2.76352009413119631581E+0010
     6.28000000001000060479E+001      2.75280510929325315423E+0010
     6.29000000001000074690E+001      2.74211208288599475696E+0010
     6.30000000001000017846E+001      2.73144100241798638632E+0010
     6.31000000001000032057E+001      2.72079185468792748822E+0010
     6.32000000001000046268E+001      2.71016462579778556152E+0010
     6.33000000001000060479E+001      2.69955930116572472902E+0010
     6.34000000001000074690E+001      2.68897586553883969147E+0010
     6.35000000001000017846E+001      2.67841430300569443192E+0010
     6.36000000001000032057E+001      2.66787459700866663906E+0010
     6.37000000001000046268E+001      2.65735673035610941513E+0010
     6.38000000001000060479E+001      2.64686068523432031341E+0010
     6.39000000001000074690E+001      2.63638644321914332581E+0010
     6.40000000001000017846E+001      2.62593398528832405632E+0010
     6.41000000001000103111E+001      2.61550329183181577117E+0010
     6.42000000001000046268E+001      2.60509434266378839025E+0010
     6.43000000000999989425E+001      2.59470711703351483499E+0010
     6.44000000001000074690E+001      2.58434159363628820220E+0010
     6.45000000001000017846E+001      2.57399775062416785232E+0010
     6.46000000001000103111E+001      2.56367556561655129600E+0010
     6.47000000001000046268E+001      2.55337501571060069014E+0010
     6.48000000000999989425E+001      2.54309607749149183469E+0010
     6.49000000001000074690E+001      2.53283872704251476155E+0010
     6.50000000001000017846E+001      2.52260293995502283087E+0010
     6.51000000001000103111E+001      2.51238869133821456310E+0010
     6.52000000001000046268E+001      2.50219595582878408312E+0010
     6.53000000000999989425E+001      2.49202470760040036656E+0010
     6.54000000001000074690E+001      2.48187492037306125974E+0010
     6.55000000001000017846E+001      2.47174656742229409691E+0010
     6.56000000001000103111E+001      2.46163962158820752866E+0010
     6.57000000001000046268E+001      2.45155405528442190658E+0010
     6.58000000000999989425E+001      2.44148984050683973246E+0010
     6.59000000001000074690E+001      2.43144694884229566498E+0010
     6.60000000001000017846E+001      2.42142535147707517652E+0010
     6.61000000001000103111E+001      2.41142501920528267078E+0010
     6.62000000001000046268E+001      2.40144592243710371658E+0010
     6.63000000000999989425E+001      2.39148803120692070885E+0010
     6.64000000001000074690E+001      2.38155131518131081191E+0010
     6.65000000001000017846E+001      2.37163574366692639840E+0010
     6.66000000001000103111E+001      2.36174128561823440579E+0010
     6.67000000001000046268E+001      2.35186790964515897752E+0010
     6.68000000000999989425E+001      2.34201558402058461908E+0010
     6.69000000001000074690E+001      2.33218427668775467952E+0010
     6.70000000001000017846E+001      2.32237395526755697694E+0010
     6.71000000001000103111E+001      2.31258458706568178748E+0010
     6.72000000001000046268E+001      2.30281613907968731162E+0010
     6.73000000000999989425E+001      2.29306857800593773856E+0010
     6.74000000001000074690E+001      2.28334187024644290735E+0010
     6.75000000001000017846E+001      2.27363598191559412295E+0010
     6.76000000001000103111E+001      2.26395087884678106238E+0010
     6.77000000001000046268E+001      2.25428652659892486175E+0010
     6.78000000000999989425E+001      2.24464289046288819949E+0010
     6.79000000001000074690E+001      2.23501993546780017736E+0010
     6.80000000001000017846E+001      2.22541762638728034674E+0010
     6.81000000001000103111E+001      2.21583592774555412682E+0010
     6.82000000001000046268E+001      2.20627480382349133160E+0010
     6.83000000000999989425E+001      2.19673421866452706167E+0010
     6.84000000001000074690E+001      2.18721413608050973493E+0010
     6.85000000001000017846E+001      2.17771451965744997045E+0010
     6.86000000001000103111E+001      2.16823533276117078935E+0010
     6.87000000001000046268E+001      2.15877653854288628822E+0010
     6.88000000000999989425E+001      2.14933809994467263325E+0010
     6.89000000001000074690E+001      2.13991997970486845252E+0010
     6.90000000001000017846E+001      2.13052214036338667956E+0010
     6.91000000001000103111E+001      2.12114454426693146386E+0010
     6.92000000001000046268E+001      2.11178715357415256478E+0010
     6.93000000000999989425E+001      2.10244993026069664330E+0010
     6.94000000001000074690E+001      2.09313283612419279797E+0010
     6.95000000001000017846E+001      2.08383583278916088133E+0010
     6.96000000001000103111E+001      2.07455888171182586693E+0010
     6.97000000001000046268E+001      2.06530194418487591211E+0010
     6.98000000000999989425E+001      2.05606498134212827445E+0010
     6.99000000001000074690E+001      2.04684795416312922667E+0010
     7.00000000001000017846E+001      2.03765082347768556877E+0010
     7.01000000001000103111E+001      2.02847354997030721658E+0010
     7.02000000001000046268E+001      2.01931609418460106787E+0010
     7.03000000000999989425E+001      2.01017841652757238585E+0010
     7.04000000001000074690E+001      2.00106047727387395897E+0010
     7.05000000001000017846E+001      1.99196223656998407311E+0010
     7.06000000001000103111E+001      1.98288365443830632746E+0010
     7.07000000001000046268E+001      1.97382469078122310973E+0010
     7.08000000000999989425E+001      1.96478530538506372355E+0010
     7.09000000001000074690E+001      1.95576545792402245147E+0010
     7.10000000001000017846E+001      1.94676510796401299310E+0010
     7.11000000001000103111E+001      1.93778421496644905027E+0010
     7.12000000001000046268E+001      1.92882273829198165403E+0010
     7.13000000000999989425E+001      1.91988063720415848192E+0010
     7.14000000001000074690E+001      1.91095787087303593458E+0010
     7.15000000001000017846E+001      1.90205439837873227400E+0010
     7.16000000001000103111E+001      1.89317017871491223428E+0010
     7.17000000001000046268E+001      1.88430517079223297344E+0010
     7.18000000000999989425E+001      1.87545933344171458882E+0010
     7.19000000001000074690E+001      1.86663262541806980230E+0010
     7.20000000001000017846E+001      1.85782500540297887731E+0010
     7.21000000001000103111E+001      1.84903643200829755009E+0010
     7.22000000001000046268E+001      1.84026686377923380655E+0010
     7.23000000000999989425E+001      1.83151625919745168206E+0010
     7.24000000001000074690E+001      1.82278457668413759694E+0010
     7.25000000001000017846E+001      1.81407177460301727867E+0010
     7.26000000001000103111E+001      1.80537781126330994441E+0010
     7.27000000001000046268E+001      1.79670264492265260154E+0010
     7.28000000000999989425E+001      1.78804623378995706953E+0010
     7.29000000001000074690E+001      1.77940853602823404324E+0010
     7.30000000001000017846E+001      1.77078950975736955560E+0010
     7.31000000001000103111E+001      1.76218911305684313819E+0010
     7.32000000001000046268E+001      1.75360730396841927438E+0010
     7.33000000000999989425E+001      1.74504404049877704403E+0010
     7.34000000001000074690E+001      1.73649928062210719390E+0010
     7.35000000001000017846E+001      1.72797298228266703198E+0010
     7.36000000001000103111E+001      1.71946510339727999477E+0010
     7.37000000001000046268E+001      1.71097560185781164121E+0010
     7.38000000000999989425E+001      1.70250443553358744303E+0010
     7.39000000001000074690E+001      1.69405156227378063809E+0010
     7.40000000001000017846E+001      1.68561693990976155785E+0010
     7.41000000001000103111E+001      1.67720052625739484230E+0010
     7.42000000001000046268E+001      1.66880227911931587516E+0010
     7.43000000000999989425E+001      1.66042215628715222685E+0010
     7.44000000001000074690E+001      1.65206011554371786133E+0010
     7.45000000001000017846E+001      1.64371611466517300393E+0010
     7.46000000001000103111E+001      1.63539011142313186060E+0010
     7.47000000001000046268E+001      1.62708206358675658100E+0010
     7.48000000000999989425E+001      1.61879192892479547428E+0010
     7.49000000001000074690E+001      1.61051966520759938878E+0010
     7.50000000001000017846E+001      1.60226523020910339840E+0010
     7.51000000001000103111E+001      1.59402858170876381544E+0010
     7.52000000001000046268E+001      1.58580967749347908430E+0010
     7.53000000000999989425E+001      1.57760847535946043516E+0010
     7.54000000001000074690E+001      1.56942493311408276239E+0010
     7.55000000001000017846E+001      1.56125900857770363134E+0010
     7.56000000001000103111E+001      1.55311065958543947042E+0010
     7.57000000001000046268E+001      1.54497984398892740604E+0010
     7.58000000000999989425E+001      1.53686651965804377541E+0010
     7.59000000001000074690E+001      1.52877064448259748340E+0010
     7.60000000001000017846E+001      1.52069217637400218295E+0010
     7.61000000001000103111E+001      1.51263107326690127816E+0010
     7.62000000001000046268E+001      1.50458729312078707387E+0010
     7.63000000000999989425E+001      1.49656079392157101157E+0010
     7.64000000001000074690E+001      1.48855153368314068703E+0010
     7.65000000001000017846E+001      1.48055947044888868993E+0010
     7.66000000001000103111E+001      1.47258456229320431457E+0010
     7.67000000001000046268E+001      1.46462676732295493982E+0010
     7.68000000001000131533E+001      1.45668604367892398395E+0010
     7.69000000001000074690E+001      1.44876234953724327854E+0010
     7.70000000001000017846E+001      1.44085564311078253965E+0010
     7.71000000001000103111E+001      1.43296588265052396539E+0010
     7.72000000001000046268E+001      1.42509302644691591972E+0010
     7.73000000001000131533E+001      1.41723703283119089933E+0010
     7.74000000001000074690E+001      1.40939786017667398787E+0010
     7.75000000001000017846E+001      1.40157546690005640465E+0010
     7.76000000001000103111E+001      1.39376981146265459952E+0010
     7.77000000001000046268E+001      1.38598085237164803578E+0010
     7.78000000001000131533E+001      1.37820854818128409482E+0010
     7.79000000001000074690E+001      1.37045285749407876734E+0010
     7.80000000001000017846E+001      1.36271373896197866626E+0010
     7.81000000001000103111E+001      1.35499115128751455364E+0010
     7.82000000001000046268E+001      1.34728505322493349866E+0010
     7.83000000001000131533E+001      1.33959540358130116151E+0010
     7.84000000001000074690E+001      1.33192216121760050236E+0010
     7.85000000001000017846E+001      1.32426528504979330039E+0010
     7.86000000001000103111E+001      1.31662473404987712472E+0010
     7.87000000001000046268E+001      1.30900046724691968243E+0010
     7.88000000001000131533E+001      1.30139244372806775692E+0010
     7.89000000001000074690E+001      1.29380062263955083762E+0010
     7.90000000001000017846E+001      1.28622496318765462764E+0010
     7.91000000001000103111E+001      1.27866542463968438088E+0010
     7.92000000001000046268E+001      1.27112196632491486976E+0010
     7.93000000001000131533E+001      1.26359454763550926691E+0010
     7.94000000001000074690E+001      1.25608312802744109847E+0010
     7.95000000001000017846E+001      1.24858766702138219782E+0010
     7.96000000001000103111E+001      1.24110812420358571802E+0010
     7.97000000001000046268E+001      1.23364445922675364641E+0010
     7.98000000001000131533E+001      1.22619663181088034807E+0010
     7.99000000001000074690E+001      1.21876460174409443941E+0010
     8.00000000001000017846E+001      1.21134833883390856615E+0010
     8.01000000001000103111E+001      1.20394781363520282733E+0010
     8.02000000001000046268E+001      1.19656296484619373703E+0010
     8.03000000001000131533E+001      1.18919375229244011047E+0010
     8.04000000001000074690E+001      1.18184013604719252655E+0010
     8.05000000001000017846E+001      1.17450207626150346026E+0010
     8.06000000001000103111E+001      1.16717953316481362331E+0010
     8.07000000001000046268E+001      1.15987246706552881830E+0010
     8.08000000001000131533E+001      1.15258083835157767482E+0010
     8.09000000001000074690E+001      1.14530460749097576269E+0010
     8.10000000001000017846E+001      1.13804373503236541246E+0010
     8.11000000001000103111E+001      1.13079818160555894603E+0010
     8.12000000001000046268E+001      1.12356790792207149442E+0010
     8.13000000001000131533E+001      1.11635287477563868971E+0010
     8.14000000001000074690E+001      1.10915304304273872760E+0010
     8.15000000001000017846E+001      1.10196837368309521219E+0010
     8.16000000001000103111E+001      1.09479882774017954698E+0010
     8.17000000001000046268E+001      1.08764436634170815854E+0010
     8.18000000001000131533E+001      1.08050495070012310331E+0010
     8.19000000001000074690E+001      1.07338054211308056448E+0010
     8.20000000001000017846E+001      1.06627110196391705076E+0010
     8.21000000001000103111E+001      1.05917659172212098060E+0010
     8.22000000001000046268E+001      1.05209697294379822108E+0010
     8.23000000001000131533E+001      1.04503220727212054896E+0010
     8.24000000001000074690E+001      1.03798225643778486855E+0010
     8.25000000001000017846E+001      1.03094708225945140738E+0010
     8.26000000001000103111E+001      1.02392664664418839926E+0010
     8.27000000001000046268E+001      1.01692091158790945420E+0010
     8.28000000001000131533E+001      1.00992983917579832084E+0010
     8.29000000001000074690E+001      1.00295339158274352907E+0010
     8.30000000001000017846E+001      9.95991531073754513532E+0009
     8.31000000001000103111E+001      9.89044220004382637944E+0009
     8.32000000001000046268E+001      9.82111420821139869148E+0009
     8.33000000001000131533E+001      9.75193096061903779250E+0009
     8.34000000001000074690E+001      9.68289208356333131255E+0009
     8.35000000001000017846E+001      9.61399720426268104814E+0009
     8.36000000001000103111E+001      9.54524595086134582970E+0009
     8.37000000001000046268E+001      9.47663795243348952334E+0009
     8.38000000001000131533E+001      9.40817283898709770607E+0009
     8.39000000001000074690E+001      9.33985024146802120891E+0009
     8.40000000001000017846E+001      9.27166979176384916781E+0009
     8.41000000001000103111E+001      9.20363112270789317582E+0009
     8.42000000001000046268E+001      9.13573386808312119110E+0009
     8.43000000001000131533E+001      9.06797766262603451198E+0009
     8.44000000001000074690E+001      9.00036214203063751487E+0009
     8.45000000001000017846E+001      8.93288694295230104234E+0009
     8.46000000001000103111E+001      8.86555170301168784015E+0009
     8.47000000001000046268E+001      8.79835606079872029927E+0009
     8.48000000001000131533E+001      8.73129965587642166093E+0009
     8.49000000001000074690E+001      8.66438212878494797016E+0009
     8.50000000001000017846E+001      8.59760312104545506684E+0009
     8.51000000001000103111E+001      8.53096227516410831910E+0009
     8.52000000001000046268E+001      8.46445923463610630094E+0009
     8.53000000001000131533E+001      8.39809364394961718564E+0009
     8.54000000001000074690E+001      8.33186514858991090361E+0009
     8.55000000001000017846E+001      8.26577339504335858079E+0009
     8.56000000001000103111E+001      8.19981803080159104195E+0009
     8.57000000001000046268E+001      8.13399870436566741990E+0009
     8.58000000001000131533E+001      8.06831506525020823965E+0009
     8.59000000001000074690E+001      8.00276676398772797884E+0009
     8.60000000001000017846E+001      7.93735345213286561297E+0009
     8.61000000001000103111E+001      7.87207478226677539346E+0009
     8.62000000001000046268E+001      7.80693040800156347675E+0009
     8.63000000001000131533E+001      7.74191998398473614364E+0009
     8.64000000001000074690E+001      7.67704316590382102277E+0009
     8.65000000001000017846E+001      7.61229961049094940502E+0009
     8.66000000001000103111E+001      7.54768897552761130874E+0009
     8.67000000001000046268E+001      7.48321091984949183560E+0009
     8.68000000001000131533E+001      7.41886510335133069171E+0009
     8.69000000001000074690E+001      7.35465118699198804872E+0009
     8.70000000001000017846E+001      7.29056883279952219627E+0009
     8.71000000001000103111E+001      7.22661770387643668382E+0009
     8.72000000001000046268E+001      7.16279746440507795948E+0009
     8.73000000001000131533E+001      7.09910777965304020252E+0009
     8.74000000001000074690E+001      7.03554831597887708764E+0009
     8.75000000001000017846E+001      6.97211874083779952034E+0009
     8.76000000001000103111E+001      6.90881872278760879664E+0009
     8.77000000001000046268E+001      6.84564793149482843037E+0009
     8.78000000001000131533E+001      6.78260603774086883505E+0009
     8.79000000001000074690E+001      6.71969271342854280621E+0009
     8.80000000001000017846E+001      6.65690763158860877623E+0009
     8.81000000001000103111E+001      6.59425046638663350536E+0009
     8.82000000001000046268E+001      6.53172089313002564433E+0009
     8.83000000001000131533E+001      6.46931858827523748196E+0009
     8.84000000001000074690E+001      6.40704322943530791847E+0009
     8.85000000001000017846E+001      6.34489449538754139804E+0009
     8.86000000001000103111E+001      6.28287206608150211853E+0009
     8.87000000001000046268E+001      6.22097562264731307743E+0009
     8.88000000001000131533E+001      6.15920484740413275999E+0009
     8.89000000001000074690E+001      6.09755942386907314989E+0009
     8.90000000001000017846E+001      6.03603903676629237714E+0009
     8.91000000001000103111E+001      5.97464337203652930511E+0009
     8.92000000001000046268E+001      5.91337211684697249199E+0009
     8.93000000001000131533E+001      5.85222495960140813569E+0009
     8.94000000001000074690E+001      5.79120158995091471140E+0009
     8.95000000001000017846E+001      5.73030169880480117464E+0009
     8.96000000001000103111E+001      5.66952497834209407525E+0009
     8.97000000001000046268E+001      5.60887112202345965054E+0009
     8.98000000001000131533E+001      5.54833982460353030322E+0009
     8.99000000001000074690E+001      5.48793078214386149175E+0009
     9.00000000001000017846E+001      5.42764369202628812177E+0009
     9.01000000001000103111E+001      5.36747825296692582507E+0009
     9.02000000001000046268E+001      5.30743416503078516770E+0009
     9.03000000001000131533E+001      5.24751112964689213127E+0009
     9.04000000001000074690E+001      5.18770884962422181320E+0009
     9.05000000001000017846E+001      5.12802702916817723779E+0009
     9.06000000001000103111E+001      5.06846537389790170855E+0009
     9.07000000001000046268E+001      5.00902359086437552874E+0009
     9.08000000001000131533E+001      4.94970138856921812631E+0009
     9.09000000001000074690E+001      4.89049847698450605097E+0009
     9.10000000001000017846E+001      4.83141456757337905407E+0009
     9.11000000001000103111E+001      4.77244937331168721762E+0009
     9.12000000001000046268E+001      4.71360260871068002318E+0009
     9.13000000001000131533E+001      4.65487398984068978984E+0009
     9.14000000001000074690E+001      4.59626323435608701568E+0009
     9.15000000001000017846E+001      4.53777006152135054658E+0009
     9.16000000001000103111E+001      4.47939419223850310406E+0009
     9.17000000001000046268E+001      4.42113534907592964331E+0009
     9.18000000001000131533E+001      4.36299325629855848968E+0009
     9.19000000001000074690E+001      4.30496763989976474814E+0009
     9.20000000001000017846E+001      4.24705822763473019952E+0009
     9.21000000001000103111E+001      4.18926474905572417743E+0009
     9.22000000001000046268E+001      4.13158693554919965102E+0009
     9.23000000001000131533E+001      4.07402452037483206805E+0009
     9.24000000001000074690E+001      4.01657723870679750960E+0009
     9.25000000001000017846E+001      3.95924482767721205683E+0009
     9.26000000001000103111E+001      3.90202702642208110464E+0009
     9.27000000001000046268E+001      3.84492357612982197874E+0009
     9.28000000001000131533E+001      3.78793422009252397697E+0009
     9.29000000001000074690E+001      3.73105870376026899345E+0009
     9.30000000001000017846E+001      3.67429677479853242094E+0009
     9.31000000001000103111E+001      3.61764818314908587146E+0009
     9.32000000001000046268E+001      3.56111268109457701932E+0009
     9.33000000001000131533E+001      3.50469002332698088471E+0009
     9.34000000001000074690E+001      3.44837996702038913203E+0009
     9.35000000001000017846E+001      3.39218227190830342913E+0009
     9.36000000001000103111E+001      3.33609670036591982880E+0009
     9.37000000001000046268E+001      3.28012301749771898805E+0009
     9.38000000001000131533E+001      3.22426099123077417698E+0009
     9.39000000001000074690E+001      3.16851039241438054602E+0009
     9.40000000001000017846E+001      3.11287099492631764340E+0009
     9.41000000001000103111E+001      3.05734257578651274506E+0009
     9.42000000001000046268E+001      3.00192491527865207446E+0009
     9.43000000001000131533E+001      2.94661779708035316132E+0009
     9.44000000001000074690E+001      2.89142100840288749492E+0009
     9.45000000001000017846E+001      2.83633434014101702399E+0009
     9.46000000001000103111E+001      2.78135758703416851915E+0009
     9.47000000001000046268E+001      2.72649054783984891810E+0009
     9.48000000001000131533E+001      2.67173302552044159289E+0009
     9.49000000001000074690E+001      2.61708482744486975837E+0009
     9.50000000001000017846E+001      2.56254576560637020089E+0009
     9.51000000001000103111E+001      2.50811565685824100135E+0009
     9.52000000001000046268E+001      2.45379432316927710099E+0009
     9.53000000001000131533E+001      2.39958159190097982798E+0009
     9.54000000001000074690E+001      2.34547729610901566556E+0009
     9.55000000001000017846E+001      2.29148127487143194587E+0009
     9.56000000001000103111E+001      2.23759337364678303489E+0009
     9.57000000001000046268E+001      2.18381344466559895390E+0009
     9.58000000001000131533E+001      2.13014134735900011659E+0009
     9.59000000001000074690E+001      2.07657694882918873324E+0009
     9.60000000001000017846E+001      2.02312012436676872921E+0009
     9.61000000001000103111E+001      1.96977075802100490247E+0009
     9.62000000001000046268E+001      1.91652874322992400444E+0009
     9.63000000001000131533E+001      1.86339398351804971769E+0009
     9.64000000001000074690E+001      1.81036639327143473867E+0009
     9.65000000001000017846E+001      1.75744589860055795738E+0009
     9.66000000001000103111E+001      1.70463243830409242548E+0009
     9.67000000001000046268E+001      1.65192596494861650485E+0009
     9.68000000001000131533E+001      1.59932644608202506636E+0009
     9.69000000001000074690E+001      1.54683386560218714587E+0009
     9.70000000001000017846E+001      1.49444822530611692013E+0009
     9.71000000001000103111E+001      1.44216954665057898131E+0009
     9.72000000001000046268E+001      1.38999787276126149271E+0009
     9.73000000001000131533E+001      1.33793327073579430935E+0009
     9.74000000001000074690E+001      1.28597583429644123585E+0009
     9.75000000001000017846E+001      1.23412568686105535705E+0009
     9.76000000001000103111E+001      1.18238298511817587984E+0009
     9.77000000001000046268E+001      1.13074792321381446280E+0009
     9.78000000001000131533E+001      1.07922073768637036453E+0009
     9.79000000001000074690E+001      1.02780171332451893350E+0009
     9.80000000001000017846E+001      9.76491190173942797000E+0008
     9.81000000001000103111E+001      9.25289571988972576943E+0008
     9.82000000001000046268E+001      8.74197336521451284894E+0008
     9.83000000001000131533E+001      8.23215048174308420444E+0008
     9.84000000001000074690E+001      7.72343373740647536728E+0008
     9.85000000001000017846E+001      7.21583102229383292927E+0008
     9.86000000001000103111E+001      6.70935170196230233748E+0008
     9.87000000001000046268E+001      6.20400694634245708180E+0008
     9.88000000001000131533E+001      5.69981016473362057556E+0008
     9.89000000001000074690E+001      5.19677759346799894531E+0008
     9.90000000001000017846E+001      4.69492910977535191657E+0008
     9.91000000001000103111E+001      4.19428939253350528617E+0008
     9.92000000001000046268E+001      3.69488963737333259439E+0008
     9.93000000001000131533E+001      3.19677020348611943783E+0008
     9.94000000001000074690E+001      2.69998492846691393501E+0008
     9.95000000001000017846E+001      2.20460868420183847121E+0008
     9.96000000001000103111E+001      1.71075197058870381672E+0008
     9.97000000001000046268E+001      1.21859348212248053031E+0008
     9.98000000001000131533E+001      7.28472783277941790556E+0007
     9.99000000001000074690E+001                               NaN
