     1.00000000100000013825E-001      9.75145723085231207227E-0708
     2.00000000100000019376E-001      2.70282262012096901910E-1593
     3.00000000100000052683E-001      9.36141074494495925702E-3421
     4.00000000100000030478E-001      5.30675799795995719604E-2678
     5.00000000100000008274E-001      9.49801922392151740361E-2024
     6.00000000100000097092E-001      1.14327938644751943929E-1512
     7.00000000100000074887E-001      6.54858948138428823348E-1105
     8.00000000100000052683E-001      3.01612151388799131189E-0834
     9.00000000100000030478E-001      9.38133308105811999012E-0641
     1.00000000010000000827E+000      1.21766821285553576070E-0552
     1.10000000010000009709E+000      6.36562413401263994850E-0440
     1.20000000010000018591E+000      2.58534902066887477028E-0357
     1.30000000010000005268E+000      1.17585515851797690469E-0294
     1.40000000010000014150E+000      3.18179271417823634716E-0246
     1.50000000010000000827E+000      4.11405958718561184340E-0208
     1.60000000010000009709E+000      1.95210364155607256492E-0176
     1.70000000010000018591E+000      6.82146738845871257654E-0151
     1.80000000010000005268E+000      5.10568426442052698920E-0130
     1.90000000010000014150E+000      8.62418219112664915408E-0113
     2.00000000010000000827E+000      2.11098592464876175119E-0098
     2.10000000010000009709E+000      5.38579898968982083055E-0086
     2.20000000010000018591E+000      1.71320204313720069963E-0075
     2.30000000010000027473E+000      1.55836307326752943196E-0066
     2.40000000010000036355E+000      7.73192821316484843177E-0059
     2.50000000010000000827E+000      3.47744811330953217093E-0052
     2.60000000010000009709E+000      1.21243196651377752346E-0190
     2.70000000010000018591E+000      1.47128152763025156198E-0242
     2.80000000010000027473E+000      5.74356949678376348171E-0221
     2.90000000010000036355E+000      1.99470692783081685603E-0232
     3.00000000010000000827E+000      1.34784287352328971500E-0213
     3.10000000010000009709E+000      9.96406004527673942866E-0196
     3.20000000010000018591E+000      8.70035376296640396645E-0180
     3.30000000010000027473E+000      1.62884712496291733136E-0165
     3.40000000010000036355E+000      1.07954525816811285216E-0152
     3.50000000010000000827E+000      3.86973062102768572718E-0141
     3.60000000010000009709E+000      1.07533283288703068470E-0130
     3.70000000010000018591E+000      3.14954779692471687136E-0121
     3.80000000010000027473E+000      1.26520276262085235999E-0112
     3.90000000010000036355E+000      8.74414435192283764671E-0105
     4.00000000010000000827E+000      1.26558903335663671271E-0097
     4.10000000010000054118E+000      6.33224090215183220775E-0091
     4.20000000010000018591E+000      8.68972627059520566659E-0085
     4.30000000009999983064E+000      3.74603800210373832591E-0079
     4.40000000010000036355E+000      5.71253804274106107833E-0074
     4.50000000010000000827E+000      3.42017312254094606804E-0069
     4.60000000010000054118E+000      8.81223667883444206530E-0065
     4.70000000010000018591E+000      1.05957827914115539084E-0060
     4.80000000010000071882E+000      6.38766228931293081286E-0057
     4.90000000010000036355E+000      2.05761438037750990175E-0053
     5.00000000010000000827E+000      3.74949052828451567574E-0050
     5.10000000010000054118E+000      4.67036348020691275880E-0047
     5.20000000010000018591E+000      3.56120427045075431545E-0044
     5.30000000010000071882E+000      1.92837988128553608302E-0041
     5.40000000010000036355E+000      5.60181344580922526063E-0039
     5.50000000010000000827E+000      1.24318875294480899758E-0036
     5.60000000010000054118E+000      1.95078362392081217790E-0034
     5.70000000010000018591E+000      2.22558892404063866307E-0032
     5.80000000010000071882E+000      1.89627927752972476900E-0030
     5.90000000010000036355E+000      1.23321776424095753161E-0028
     6.00000000010000000827E+000      2.55910256519349954786E-0026
     6.10000000010000054118E+000      2.66133746140111724546E-0025
     6.20000000010000018591E+000      9.09829728426199131260E-0024
     6.30000000010000071882E+000      2.54039299612046355640E-0022
     6.40000000010000036355E+000      5.86119908913430871794E-0021
     6.50000000010000000827E+000      1.13589514401115070202E-0019
     6.60000000010000054118E+000      2.05136088509051088877E-0018
     6.70000000010000018591E+000      6.96318931324377005817E-0017
     6.80000000010000071882E+000      3.81040817358919280999E-0016
     6.90000000010000036355E+000      3.49408290440481704673E-0015
     7.00000000010000000827E+000      3.32025443722461297525E-0014
     7.10000000010000054118E+000      4.52780019683713436892E-0013
     7.20000000010000018591E+000      1.44267930332934225633E-0012
     7.30000000010000071882E+000      5.88318965750139906465E-0012
     7.40000000010000036355E+000      3.70480577046305509160E-0011
     7.50000000010000000827E+000      2.16014270817239491311E-0010
     7.60000000010000054118E+000      1.13230544517944806027E-0009
     7.70000000010000018591E+000      7.42850609788298100263E-0009
     7.80000000010000071882E+000      2.53310826974222945994E-0008
     7.90000000010000036355E+000      8.89399806020687318183E-0008
     8.00000000010000000827E+000      3.22927606275573413012E-0007
     8.10000000009999965300E+000      1.25030019159694417532E-0006
     8.20000000010000107409E+000      4.32848439287376535562E-0006
     8.30000000010000071882E+000      1.43816615612748308184E-0005
     8.40000000010000036355E+000      4.12104528684433994945E-0005
     8.50000000010000000827E+000      1.26509992372511675699E-0004
     8.60000000009999965300E+000      3.70315075543932665570E-0004
     8.70000000010000107409E+000      1.03623034339531782714E-0003
     8.80000000010000071882E+000      2.77854263455126688501E-0003
     8.90000000010000036355E+000      7.15525000956343353177E-0003
     9.00000000010000000827E+000      1.77332874705650433551E-0002
     9.10000000009999965300E+000      4.23802160996406156954E-0002
     9.20000000010000107409E+000      9.78467789347297761909E-0002
     9.30000000010000071882E+000      2.18620225259821798196E-0001
     9.40000000010000036355E+000      4.73478266289156935617E-0001
     9.50000000010000000827E+000      9.95494420224706000086E-0001
     9.60000000010000142936E+000      2.03484104309501727910E+0000
     9.70000000010000107409E+000      4.04913442561656305597E+0000
     9.80000000010000071882E+000      7.85392931810916928056E+0000
     9.90000000010000036355E+000      1.48670942003339636699E+0001
     1.00000000001000000083E+001      2.75131077483227057078E+0001
     1.01000000001000014294E+001      5.02677296089469484500E+0001
     1.02000000001000010741E+001      8.98660717848815440934E+0001
     1.03000000001000007188E+001      1.57357388168305303320E+0002
     1.04000000001000003635E+001      2.70126920254809658422E+0002
     1.05000000001000000083E+001      4.55009382915575469514E+0002
     1.06000000001000014294E+001      7.52673048571707754596E+0002
     1.07000000001000010741E+001      1.22368136686924642885E+0003
     1.08000000001000007188E+001      1.95672874163274741609E+0003
     1.09000000001000003635E+001      3.07964413940847146990E+0003
     1.10000000001000000083E+001      4.77385781388012056771E+0003
     1.11000000001000014294E+001      7.29312889451002546010E+0003
     1.12000000001000010741E+001      1.09874303816159168854E+0004
     1.13000000001000007188E+001      1.63329780093450313061E+0004
     1.14000000001000003635E+001      2.39694648039837212088E+0004
     1.15000000001000000083E+001      3.47456180864276816609E+0004
     1.16000000001000014294E+001      4.97742243427783767398E+0004
     1.17000000001000010741E+001      7.04977644289093375241E+0004
     1.18000000001000007188E+001      9.87657623364166027146E+0004
     1.19000000001000003635E+001      1.36924871627458152984E+0005
     1.20000000001000000083E+001      1.87922602352550554054E+0005
     1.21000000001000014294E+001      2.55425427020827886902E+0005
     1.22000000001000010741E+001      3.43951797865508063016E+0005
     1.23000000001000007188E+001      4.59020361802726853670E+0005
     1.24000000001000003635E+001      6.07313378348829117631E+0005
     1.25000000001000000083E+001      7.96855035108245960506E+0005
     1.26000000001000014294E+001      1.03720402240069202180E+0006
     1.27000000001000010741E+001      1.33965938137794848457E+0006
     1.28000000001000007188E+001      1.71747828759966646199E+0006
     1.29000000001000003635E+001      2.18610408396126230369E+0006
     1.30000000001000000083E+001      2.76340254264850295634E+0006
     1.31000000001000014294E+001      3.46990402476485662568E+0006
     1.32000000001000010741E+001      4.32904892716123144014E+0006
     1.33000000001000007188E+001      5.36743356666414746665E+0006
     1.34000000001000003635E+001      6.61505345909629643812E+0006
     1.35000000001000000083E+001      8.10554080960520558609E+0006
     1.36000000001000014294E+001      9.87639294584135000314E+0006
     1.37000000001000010741E+001      1.19691883988385207025E+0007
     1.38000000001000007188E+001      1.44297873689158689268E+0007
     1.39000000001000003635E+001      1.73085134048312235469E+0007
     1.40000000001000000083E+001      2.06603132716520103501E+0007
     1.41000000001000014294E+001      2.45448921829224516686E+0007
     1.42000000001000010741E+001      2.90268218210580411580E+0007
     1.43000000001000007188E+001      3.41756188609396718218E+0007
     1.44000000001000003635E+001      4.00657920390382745254E+0007
     1.45000000001000000083E+001      4.67768561671390581552E+0007
     1.46000000001000014294E+001      5.43933118686609914487E+0007
     1.47000000001000010741E+001      6.30045902091613384066E+0007
     1.48000000001000007188E+001      7.27049617936998646257E+0007
     1.49000000001000003635E+001      8.35934103049122881835E+0007
     1.50000000001000000083E+001      9.57836068734478970423E+0007
     1.51000000001000014294E+001      1.09578735385166159587E+0008
     1.52000000001000010741E+001      1.24935011805687119009E+0008
     1.53000000001000007188E+001      1.41974209034027838296E+0008
     1.54000000001000003635E+001      1.60822084044273482946E+0008
     1.55000000001000000083E+001      1.81607917960345246879E+0008
     1.56000000001000014294E+001      2.04464144092283498952E+0008
     1.57000000001000010741E+001      2.29525949837064884019E+0008
     1.58000000001000007188E+001      2.56930855401215862075E+0008
     1.59000000001000003635E+001      2.86818272467763791829E+0008
     1.60000000000999982319E+001      3.19329046052393088241E+0008
     1.61000000000999996530E+001      3.54604982874839358899E+0008
     1.62000000000999975214E+001      3.92788369611507759327E+0008
     1.63000000000999989425E+001      4.34021484397357655118E+0008
     1.64000000001000003635E+001      4.78446104910339766979E+0008
     1.65000000000999982319E+001      5.26203016303555973594E+0008
     1.66000000000999996530E+001      5.77431522151660452281E+0008
     1.67000000000999975214E+001      6.32268961451485918885E+0008
     1.68000000000999989425E+001      6.90850234567248264855E+0008
     1.69000000001000003635E+001      7.53307340838973561278E+0008
     1.70000000000999982319E+001      8.19768930385409336741E+0008
     1.71000000000999996530E+001      8.90359872429790764480E+0008
     1.72000000000999975214E+001      9.65200842264884105301E+0008
     1.73000000000999989425E+001      1.04440792875296488008E+0009
     1.74000000001000003635E+001      1.12809226403162026284E+0009
     1.75000000000999982319E+001      1.21635967686989463157E+0009
     1.76000000000999996530E+001      1.30931037089317251745E+0009
     1.77000000000999975214E+001      1.40703862867212118644E+0009
     1.78000000000999989425E+001      1.50963254245352539511E+0009
     1.79000000001000003635E+001      1.61717377209953977714E+0009
     1.80000000000999982319E+001      1.72973733059891666649E+0009
     1.81000000000999996530E+001      1.84739139732217161977E+0009
     1.82000000000999975214E+001      1.97019715900874395217E+0009
     1.83000000000999989425E+001      2.09820867830544774806E+0009
     1.84000000001000003635E+001      2.23147278951676162127E+0009
     1.85000000000999982319E+001      2.37002902108238931120E+0009
     1.86000000000999996530E+001      2.51390954416525733038E+0009
     1.87000000000999975214E+001      2.66313914661445984315E+0009
     1.88000000000999989425E+001      2.81773523146215603073E+0009
     1.89000000001000003635E+001      2.97770783901919794790E+0009
     1.90000000000999982319E+001      3.14305969155697567314E+0009
     1.91000000000999996530E+001      3.31378625949167258525E+0009
     1.92000000001000010741E+001      3.48987584793484466207E+0009
     1.93000000000999989425E+001      3.67130970242703335446E+0009
     1.94000000001000003635E+001      3.85806213263914712084E+0009
     1.95000000000999982319E+001      4.05010065280165002481E+0009
     1.96000000000999996530E+001      4.24738613760813947536E+0009
     1.97000000001000010741E+001      4.44987299233404495330E+0009
     1.98000000000999989425E+001      4.65750933591431589164E+0009
     1.99000000001000003635E+001      4.87023719573384332112E+0009
     2.00000000000999982319E+001      5.08817806525912904706E+0009
     2.01000000000999996530E+001      2.76195657015439002375E+0002
     2.02000000001000010741E+001      3.54238923575183102912E+0002
     2.03000000000999989425E+001      4.52340217544618057341E+0002
     2.04000000001000003635E+001      5.75131938942871770211E+0002
     2.05000000000999982319E+001      7.28191734046267509351E+0002
     2.06000000000999996530E+001      9.18208650347772918588E+0002
     2.07000000001000010741E+001      1.15317341034107881471E+0003
     2.08000000000999989425E+001      1.44259545911178203475E+0003
     2.09000000001000003635E+001      1.79774961193149484068E+0003
     2.10000000000999982319E+001      2.23195529514756874751E+0003
     2.11000000000999996530E+001      2.76089153455308125093E+0003
     2.12000000001000010741E+001      3.40295099790425233479E+0003
     2.13000000000999989425E+001      4.17963654005488548524E+0003
     2.14000000001000003635E+001      5.11600382797896071103E+0003
     2.15000000000999982319E+001      6.24115373641116851184E+0003
     2.16000000000999996530E+001      7.58877830060060428842E+0003
     2.17000000001000010741E+001      9.19776408847738884861E+0003
     2.18000000000999989425E+001      1.11128569080978074310E+0004
     2.19000000001000003635E+001      1.33853917954621865958E+0004
     2.20000000000999982319E+001      1.60740922306750988092E+0004
     2.21000000000999996530E+001      1.92459425050894020080E+0004
     2.22000000001000010741E+001      2.29771371068415599834E+0004
     2.23000000000999989425E+001      2.73541109057124476318E+0004
     2.24000000001000003635E+001      3.24746537991220478816E+0004
     2.25000000000999982319E+001      3.84491133285558808399E+0004
     2.26000000000999996530E+001      4.54016885889641370141E+0004
     2.27000000001000010741E+001      5.34718185322902599243E+0004
     2.28000000000999989425E+001      6.28156675104473342219E+0004
     2.29000000001000003635E+001      7.36077106124131750578E+0004
     2.30000000000999982319E+001      8.60424210260046169805E+0004
     2.31000000000999996530E+001      1.00336061297292716915E+0005
     2.32000000001000010741E+001      1.16728579971537640085E+0005
     2.33000000000999989425E+001      1.35485614679664806624E+0005
     2.34000000001000003635E+001      1.56900602286127554056E+0005
     2.35000000000999982319E+001      1.81296996239182800616E+0005
     2.36000000000999996530E+001      2.09030590765279966949E+0005
     2.37000000001000010741E+001      2.40491951028925398912E+0005
     2.38000000000999989425E+001      2.76108947839449871572E+0005
     2.39000000001000003635E+001      3.16349394931155919697E+0005
     2.40000000000999982319E+001      3.61723786274842869799E+0005
     2.41000000000999996530E+001      4.12788130302178876104E+0005
     2.42000000001000010741E+001      4.70146877340693387844E+0005
     2.43000000000999989425E+001      5.34455935972383947133E+0005
     2.44000000001000003635E+001      6.06425773444981667058E+0005
     2.45000000000999982319E+001      6.86824594685977500039E+0005
     2.46000000000999996530E+001      7.76481593899477216850E+0005
     2.47000000001000010741E+001      8.76290272168477278285E+0005
     2.48000000000999989425E+001      9.87211813942692982869E+0005
     2.49000000001000003635E+001      1.11027851476961337060E+0006
     2.50000000000999982319E+001      1.24659725212721454211E+0006
     2.51000000000999996530E+001      1.39735299074184752660E+0006
     2.52000000001000010741E+001      1.56381231333025383267E+0006
     2.53000000000999989425E+001      1.74732696729163895998E+0006
     2.54000000001000003635E+001      1.94933741749598540268E+0006
     2.55000000000999982319E+001      2.17137639497478463339E+0006
     2.56000000000999996530E+001      2.41507243101433228051E+0006
     2.57000000001000010741E+001      2.68215336589438279070E+0006
     2.58000000000999989425E+001      2.97444982128934533373E+0006
     2.59000000001000003635E+001      3.29389862518256351945E+0006
     2.60000000000999982319E+001      3.64254617800336451987E+0006
     2.61000000000999996530E+001      4.02255174862504129128E+0006
     2.62000000001000010741E+001      4.43619068881076153879E+0006
     2.63000000000999989425E+001      4.88585755471619123530E+0006
     2.64000000001000003635E+001      5.37406912410587611334E+0006
     2.65000000000999982319E+001      5.90346729804493559356E+0006
     2.66000000000999996530E+001      6.47682187597690194348E+0006
     2.67000000001000010741E+001      7.09703319329361394820E+0006
     2.68000000000999989425E+001      7.76713461073775067487E+0006
     2.69000000001000003635E+001      8.49029484526453620179E+0006
     2.70000000000999982319E+001      9.26982013230521044640E+0006
     2.71000000000999996530E+001      1.01091562097444719630E+0007
     2.72000000001000010741E+001      1.10118901143191885761E+0007
     2.73000000000999989425E+001      1.19817517815836516329E+0007
     2.74000000001000003635E+001      1.30226154410603271867E+0007
     2.75000000000999982319E+001      1.41385007986836976055E+0007
     2.76000000000999996530E+001      1.53335739991988964785E+0007
     2.77000000001000010741E+001      1.66121483617061610008E+0007
     2.78000000000999989425E+001      1.79786848821432063404E+0007
     2.79000000001000003635E+001      1.94377924970929737241E+0007
     2.80000000000999982319E+001      2.09942281039194316043E+0007
     2.81000000000999996530E+001      2.26528963328845684388E+0007
     2.82000000001000010741E+001      2.44188490675253345422E+0007
     2.83000000000999989425E+001      2.62972847102571484487E+0007
     2.84000000001000003635E+001      2.82935471908153687977E+0007
     2.85000000000999982319E+001      3.04131247158266762218E+0007
     2.86000000000999996530E+001      3.26616482584647380679E+0007
     2.87000000001000010741E+001      3.50448897878505442423E+0007
     2.88000000000999989425E+001      3.75687602384653712923E+0007
     2.89000000001000003635E+001      4.02393072205886725644E+0007
     2.90000000000999982319E+001      4.30627124733444614396E+0007
     2.91000000000999996530E+001      4.60452890626629715032E+0007
     2.92000000001000010741E+001      4.91934783270261462347E+0007
     2.93000000000999989425E+001      5.25138465745544953322E+0007
     2.94000000001000003635E+001      5.60130815355343086897E+0007
     2.95000000000999982319E+001      5.96979885750864271308E+0007
     2.96000000000999996530E+001      6.35754866712873687953E+0007
     2.97000000001000010741E+001      6.76526041645013209428E+0007
     2.98000000000999989425E+001      7.19364742843015946953E+0007
     2.99000000001000003635E+001      7.64343304607763252056E+0007
     3.00000000000999982319E+001      8.11540758535404659426E+0007
     3.01000000000999996530E+001      8.61053372455406668699E+0007
     3.02000000001000010741E+001      9.12931199412529476272E+0007
     3.03000000000999989425E+001      9.67249039182296511667E+0007
     3.04000000001000003635E+001      1.02408258116636080229E+0008
     3.05000000000999982319E+001      1.08350803955451192349E+0008
     3.06000000000999996530E+001      1.14560208335887131141E+0008
     3.07000000001000010741E+001      1.21044176495389742333E+0008
     3.08000000000999989425E+001      1.27810444725604290733E+0008
     3.09000000001000003635E+001      1.34866772967856528114E+0008
     3.10000000000999982319E+001      1.42220937299965875959E+0008
     3.11000000000999996530E+001      1.49880722328390827579E+0008
     3.12000000001000010741E+001      1.57853913499737224266E+0008
     3.13000000000999989425E+001      1.66148289345813211799E+0008
     3.14000000001000003635E+001      1.74771613676415923991E+0008
     3.15000000000999982319E+001      1.83731627734004658294E+0008
     3.16000000000999996530E+001      1.93036042324450289682E+0008
     3.17000000001000010741E+001      2.02692529937822438008E+0008
     3.18000000000999989425E+001      2.12708716873219990720E+0008
     3.19000000001000003635E+001      2.23092175381327801157E+0008
     3.20000000001000017846E+001      2.33850415838313070935E+0008
     3.21000000001000032057E+001      2.44990878964373897553E+0008
     3.22000000001000046268E+001      2.56520928100003247143E+0008
     3.23000000001000060479E+001      2.68447841552815376146E+0008
     3.24000000001000003635E+001      2.80778805027294686647E+0008
     3.25000000001000017846E+001      2.93520904149705485689E+0008
     3.26000000001000032057E+001      3.06681117099815127862E+0008
     3.27000000001000046268E+001      3.20266307360928140378E+0008
     3.28000000001000060479E+001      3.34283216599019332144E+0008
     3.29000000001000003635E+001      3.48738457681688268489E+0008
     3.30000000001000017846E+001      3.63638507846818122224E+0008
     3.31000000001000032057E+001      3.78989702030751716352E+0008
     3.32000000001000046268E+001      3.94798226364954352822E+0008
     3.33000000001000060479E+001      4.11070111850048612767E+0008
     3.34000000001000003635E+001      4.27811228215142973212E+0008
     3.35000000001000017846E+001      4.45027277970265227663E+0008
     3.36000000001000032057E+001      4.62723790659187915807E+0008
     3.37000000001000046268E+001      4.80906117318929442449E+0008
     3.38000000001000060479E+001      4.99579425152500121259E+0008
     3.39000000001000003635E+001      5.18748692420178394054E+0008
     3.40000000001000017846E+001      5.38418703554636572748E+0008
     3.41000000001000032057E+001      5.58594044504445074983E+0008
     3.42000000001000046268E+001      5.79279098309913610951E+0008
     3.43000000001000060479E+001      6.00478040915082327299E+0008
     3.44000000001000003635E+001      6.22194837218803709468E+0008
     3.45000000001000017846E+001      6.44433237367485912964E+0008
     3.46000000001000032057E+001      6.67196773291630015730E+0008
     3.47000000001000046268E+001      6.90488755487827402667E+0008
     3.48000000001000060479E+001      7.14312270047300375420E+0008
     3.49000000001000003635E+001      7.38670175931831717323E+0008
     3.50000000001000017846E+001      7.63565102497036668195E+0008
     3.51000000001000032057E+001      7.88999447263226687178E+0008
     3.52000000001000046268E+001      8.14975373932928544117E+0008
     3.53000000001000060479E+001      8.41494810654224661866E+0008
     3.54000000001000003635E+001      8.68559448528503155281E+0008
     3.55000000001000017846E+001      8.96170740360820550614E+0008
     3.56000000001000032057E+001      9.24329899650872810701E+0008
     3.57000000001000046268E+001      9.53037899821800548167E+0008
     3.58000000001000060479E+001      9.82295473684497767017E+0008
     3.59000000001000003635E+001      1.01210311313385087491E+0009
     3.60000000001000017846E+001      1.04246106907371212532E+0009
     3.61000000001000032057E+001      1.07336935156708263549E+0009
     3.62000000001000046268E+001      1.10482773020700427502E+0009
     3.63000000001000060479E+001      1.13683573470455348808E+0009
     3.64000000001000003635E+001      1.16939265568907365638E+0009
     3.65000000001000017846E+001      1.20249754571626113234E+0009
     3.66000000001000032057E+001      1.23614922047882385426E+0009
     3.67000000001000046268E+001      1.27034626021521227278E+0009
     3.68000000001000060479E+001      1.30508701131073711073E+0009
     3.69000000001000003635E+001      1.34036958808585481074E+0009
     3.70000000001000017846E+001      1.37619187476611944673E+0009
     3.71000000001000032057E+001      1.41255152762804437664E+0009
     3.72000000001000046268E+001      1.44944597731530338065E+0009
     3.73000000001000060479E+001      1.48687243131915799312E+0009
     3.74000000001000003635E+001      1.52482787661736812450E+0009
     3.75000000001000017846E+001      1.56330908246539954098E+0009
     3.76000000001000032057E+001      1.60231260333390802383E+0009
     3.77000000001000046268E+001      1.64183478198673635680E+0009
     3.78000000001000060479E+001      1.68187175269237212839E+0009
     3.79000000001000003635E+001      1.72241944456381246273E+0009
     3.80000000001000017846E+001      1.76347358501974010542E+0009
     3.81000000001000032057E+001      1.80502970336141369637E+0009
     3.82000000001000046268E+001      1.84708313445877928862E+0009
     3.83000000001000060479E+001      1.88962902253967586074E+0009
     3.84000000001000074690E+001      1.93266232507643980597E+0009
     3.85000000001000017846E+001      1.97617781676293961471E+0009
     3.86000000001000032057E+001      2.02017009357718845291E+0009
     3.87000000001000046268E+001      2.06463357692243283470E+0009
     3.88000000001000060479E+001      2.10956251784170949811E+0009
     3.89000000001000074690E+001      2.15495100129929224797E+0009
     3.90000000001000017846E+001      2.20079295052405339890E+0009
     3.91000000001000032057E+001      2.24708213140836764317E+0009
     3.92000000001000046268E+001      2.29381215695731408197E+0009
     3.93000000001000060479E+001      2.34097649178271748953E+0009
     3.94000000001000074690E+001      2.38856845663668340456E+0009
     3.95000000001000017846E+001      2.43658123297911238367E+0009
     3.96000000001000032057E+001      2.48500786757423824877E+0009
     3.97000000001000046268E+001      2.53384127711119250773E+0009
     3.98000000001000060479E+001      2.58307425284345005265E+0009
     3.99000000001000074690E+001      2.63269947000762091116E+0009
     4.00000000001000017846E+001      2.68271260638892091217E+0009
     4.01000000001000032057E+001      2.73307514906172197922E+0009
     4.02000000001000046268E+001      2.78380707485581068868E+0009
     4.03000000001000060479E+001      2.83490096374688335134E+0009
     4.04000000001000074690E+001      2.88634930801049377863E+0009
     4.05000000001000017846E+001      2.93814451644203011141E+0009
     4.06000000001000032057E+001      2.99027891855299464275E+0009
     4.07000000001000046268E+001      3.04274476874033836349E+0009
     4.08000000001000060479E+001      3.09553425042739141321E+0009
     4.09000000001000074690E+001      3.14863948017221975950E+0009
     4.10000000001000017846E+001      3.20205251174171403546E+0009
     4.11000000001000032057E+001      3.25576534014901047620E+0009
     4.12000000001000046268E+001      3.30976990565156100453E+0009
     4.13000000001000060479E+001      3.36405809770764571427E+0009
     4.14000000001000074690E+001      3.41862175888982063448E+0009
     4.15000000001000017846E+001      3.47345268875270009658E+0009
     4.16000000001000032057E+001      3.52854264765335497057E+0009
     4.17000000001000046268E+001      3.58388336052312071452E+0009
     4.18000000001000060479E+001      3.63946652058827580232E+0009
     4.19000000001000074690E+001      3.69528379303854220497E+0009
     4.20000000001000017846E+001      3.75132681864244740442E+0009
     4.21000000001000032057E+001      3.80758721730692300602E+0009
     4.22000000001000046268E+001      3.86405659158138013962E+0009
     4.23000000001000060479E+001      3.87013039739340278570E+0010
     4.24000000001000074690E+001      3.97758861098930122364E+0009
     4.25000000001000017846E+001      4.03463440515755950186E+0009
     4.26000000001000032057E+001      4.09185547960215903453E+0009
     4.27000000001000046268E+001      4.14924340059740375173E+0009
     4.28000000001000060479E+001      4.20678973684352556190E+0009
     4.29000000001000074690E+001      7.47432429770288559078E+0010
     4.30000000001000017846E+001      4.32232396045555252437E+0009
     4.31000000001000032057E+001      4.38029502478443056257E+0009
     4.32000000001000046268E+001      4.43839086413962767430E+0009
     4.33000000001000060479E+001      4.49660310433118416104E+0009
     4.34000000001000074690E+001      4.55492339114047434792E+0009
     4.35000000001000017846E+001      4.61334339301966953578E+0009
     4.36000000001000032057E+001      4.67185480372652209662E+0009
     4.37000000001000046268E+001      4.73044934489419452398E+0009
     4.38000000001000060479E+001      4.78911876853650571412E+0009
     4.39000000001000074690E+001      4.84785485948784267582E+0009
     4.40000000001000017846E+001      4.90664943777913405880E+0009
     4.41000000001000032057E+001      4.96549436094847495373E+0009
     4.42000000001000046268E+001      5.02438152628763925102E+0009
     4.43000000001000060479E+001      5.08330287302493379276E+0009
     4.44000000001000074690E+001      5.14225038444330565719E+0009
     4.45000000001000017846E+001      5.20121608993599980448E+0009
     4.46000000001000032057E+001      5.26019206699820444437E+0009
     4.47000000001000046268E+001      5.31917044315634746198E+0009
     4.48000000001000060479E+001      5.37814339783536431990E+0009
     4.49000000001000074690E+001      5.43710316416385593600E+0009
     4.50000000001000017846E+001      5.49604203071808772468E+0009
     4.51000000001000032057E+001      5.55495234320548925512E+0009
     4.52000000001000046268E+001      5.61382650608784683694E+0009
     4.53000000001000060479E+001      5.67265698414496917879E+0009
     4.54000000001000074690E+001      5.73143630397991123330E+0009
     4.55000000001000017846E+001      5.79015705546539199736E+0009
     4.56000000001000032057E+001      5.84881189313326040334E+0009
     4.57000000001000046268E+001      5.90739353750688684645E+0009
     4.58000000001000060479E+001      5.96589477637777557934E+0009
     4.59000000001000074690E+001      6.02430846602636884498E+0009
     4.60000000001000017846E+001      6.08262753238872605577E+0009
     4.61000000001000032057E+001      6.14084497216952299242E+0009
     4.62000000001000046268E+001      6.19895385390178656494E+0009
     4.63000000001000060479E+001      6.25694731895456811609E+0009
     4.64000000001000074690E+001      6.31481858248924864187E+0009
     4.65000000001000017846E+001      6.37256093436565096353E+0009
     4.66000000001000032057E+001      6.43016773999808090759E+0009
     4.67000000001000046268E+001      6.48763244116298317792E+0009
     4.68000000001000060479E+001      6.54494855675806734342E+0009
     4.69000000001000074690E+001      6.60210968351486659108E+0009
     4.70000000001000017846E+001      6.65910949666505487874E+0009
     4.71000000001000032057E+001      6.71594175056131609630E+0009
     4.72000000001000046268E+001      6.77260027925321509291E+0009
     4.73000000001000060479E+001      6.82907899702066839990E+0009
     4.74000000001000074690E+001      6.88537189886371701734E+0009
     4.75000000001000017846E+001      6.94147306095079841348E+0009
     4.76000000001000032057E+001      6.99737664102610751854E+0009
     4.77000000001000046268E+001      7.05307687877687184906E+0009
     4.78000000001000060479E+001      7.10856809616167597298E+0009
     4.79000000001000074690E+001      7.16384469769989500659E+0009
     4.80000000001000017846E+001      7.21890117072440623972E+0009
     4.81000000001000032057E+001      7.27373208559722998313E+0009
     4.82000000001000046268E+001      7.32833209588971389593E+0009
     4.83000000001000060479E+001      7.38269593852797929904E+0009
     4.84000000001000074690E+001      7.43681843390406605809E+0009
     4.85000000001000017846E+001      2.49821375732045700388E+0010
     4.86000000001000032057E+001      4.17683259732148654802E+0010
     4.87000000001000046268E+001      7.59768729378896600762E+0009
     4.88000000001000060479E+001      7.65079427542476289103E+0009
     4.89000000001000074690E+001      7.70363526537593415523E+0009
     4.90000000001000017846E+001      7.75620558537365987452E+0009
     4.91000000001000032057E+001      7.80850064051421833098E+0009
     4.92000000001000046268E+001      7.86051591912882903459E+0009
     4.93000000001000060479E+001      7.91224699262665181937E+0009
     4.94000000001000074690E+001      7.96368951531237617639E+0009
     4.95000000001000017846E+001      8.01483922417837713643E+0009
     4.96000000001000032057E+001      8.06569193867307050905E+0009
     4.97000000001000046268E+001      8.11624356044538374541E+0009
     4.98000000001000060479E+001      8.16649007306668301117E+0009
     4.99000000001000074690E+001      2.18518723566095566715E+0010
     5.00000000001000017846E+001      8.26606461297707424321E+0009
     5.01000000001000032057E+001      8.31542606435351659451E+0009
     5.02000000001000046268E+001      7.84708070503472334541E+0009
     5.03000000001000060479E+001      7.61581398574176850615E+0009
     5.04000000001000074690E+001      7.66422499098253810693E+0009
     5.05000000001000017846E+001      7.71235835861500630632E+0009
     5.06000000001000032057E+001      7.76021007990403042406E+0009
     5.07000000001000046268E+001      7.80777622180783780338E+0009
     5.08000000001000060479E+001      7.85505292681808900710E+0009
     5.09000000001000074690E+001      7.90203641277781529195E+0009
     5.10000000001000017846E+001      7.94872297267760406947E+0009
     5.11000000001000032057E+001      7.99510897443079716952E+0009
     5.12000000001000046268E+001      8.04119086062869108549E+0009
     5.13000000001000060479E+001      8.08696514827520972913E+0009
     5.14000000001000074690E+001      8.13242842850351253568E+0009
     5.15000000001000017846E+001      8.17757736627319093507E+0009
     5.16000000001000032057E+001      8.22240870005002690260E+0009
     5.17000000001000046268E+001      8.26691924146827059075E+0009
     5.18000000001000060479E+001      8.31110587497622645574E+0009
     5.19000000001000074690E+001      8.35496555746551211895E+0009
     5.20000000001000017846E+001      8.39849531788509808296E+0009
     5.21000000001000032057E+001      8.44169225683971150582E+0009
     5.22000000001000046268E+001      8.48455354617427056190E+0009
     5.23000000001000060479E+001      8.52707642854401326950E+0009
     5.24000000001000074690E+001      8.56925821697136311106E+0009
     5.25000000001000017846E+001      8.61109629438997396916E+0009
     5.26000000001000032057E+001      8.65258811317590984987E+0009
     5.27000000001000046268E+001      8.69373119466761045648E+0009
     5.28000000001000060479E+001      8.73452312867379587819E+0009
     5.29000000001000074690E+001      8.77496157297105940407E+0009
     5.30000000001000017846E+001      8.81504425279057307066E+0009
     5.31000000001000032057E+001      8.85476896029506813944E+0009
     5.32000000001000046268E+001      8.89413355404623331630E+0009
     5.33000000001000060479E+001      8.93313595846310481886E+0009
     5.34000000001000074690E+001      8.97177416327175298389E+0009
     5.35000000001000017846E+001      9.01004622294713453542E+0009
     5.36000000001000032057E+001      9.04795025614661068126E+0009
     5.37000000001000046268E+001      9.08548444513658972277E+0009
     5.38000000001000060479E+001      9.12264703521224533110E+0009
     5.39000000001000074690E+001      9.15943633411051564506E+0009
     5.40000000001000017846E+001      9.19585071141711308409E+0009
     5.41000000001000032057E+001      9.23188859796752983356E+0009
     5.42000000001000046268E+001      9.26754848524321489891E+0009
     5.43000000001000060479E+001      9.30282892476215872325E+0009
     5.44000000001000074690E+001      9.33772852746511253204E+0009
     5.45000000001000017846E+001      9.37224596309745864212E+0009
     5.46000000001000032057E+001      9.40637995958729491783E+0009
     5.47000000001000046268E+001      9.44012930241954030296E+0009
     5.48000000001000060479E+001      9.47349283400679625881E+0009
     5.49000000001000074690E+001      9.50646945305784641571E+0009
     5.50000000001000017846E+001      9.53905811394242698482E+0009
     5.51000000001000032057E+001      9.57125782605438323494E+0009
     5.52000000001000046268E+001      9.60306765317263867475E+0009
     5.53000000001000060479E+001      9.63448671281995177832E+0009
     5.54000000001000074690E+001      9.66551417562076241954E+0009
     5.55000000001000017846E+001      9.69614926465725508311E+0009
     5.56000000001000032057E+001      9.72639125482460396166E+0009
     5.57000000001000046268E+001      9.75623947218568174798E+0009
     5.58000000001000060479E+001      9.78569329332499011108E+0009
     5.59000000001000074690E+001      9.81475214470236228435E+0009
     5.60000000001000017846E+001      9.84341550200709015062E+0009
     5.61000000001000032057E+001      9.87168288951152196556E+0009
     5.62000000001000046268E+001      9.89955387942574305096E+0009
     5.63000000001000060479E+001      9.92702809125253117921E+0009
     5.64000000001000074690E+001      9.95410519114339190939E+0009
     5.65000000001000017846E+001      9.98078489125547651573E+0009
     5.66000000001000032057E+001      1.00070669491099346259E+0010
     5.67000000001000046268E+001      1.00329511669513904498E+0010
     5.68000000001000060479E+001      1.00584373911093038758E+0010
     5.69000000001000074690E+001      1.00835255113612857240E+0010
     5.70000000001000017846E+001      1.01082154602977312577E+0010
     5.71000000001000032057E+001      1.01325072126894904130E+0010
     5.72000000001000046268E+001      1.01564007848569121875E+0010
     5.73000000001000060479E+001      1.01798962340420622782E+0010
     5.74000000001000074690E+001      1.02029936577829728418E+0010
     5.75000000001000017846E+001      1.02256931932911574787E+0010
     5.76000000001000032057E+001      1.02479950168314165579E+0010
     5.77000000001000046268E+001      1.02698993431052907259E+0010
     5.78000000001000060479E+001      1.02914064246368362585E+0010
     5.79000000001000074690E+001      1.03125165511623978603E+0010
     5.80000000001000017846E+001      1.03332300490235344635E+0010
     5.81000000001000032057E+001      1.03535472805629972847E+0010
     5.82000000001000046268E+001      1.03734686435248444572E+0010
     5.83000000001000060479E+001      1.03929945704579773163E+0010
     5.84000000001000074690E+001      1.04121255281234416198E+0010
     5.85000000001000017846E+001      1.04308620169056586443E+0010
     5.86000000001000032057E+001      1.04492045702278677787E+0010
     5.87000000001000046268E+001      1.04671537539708992081E+0010
     5.88000000001000060479E+001      1.04847101658969548784E+0010
     5.89000000001000074690E+001      1.05018744350771465910E+0010
     5.90000000001000017846E+001      1.05186472213231792932E+0010
     5.91000000001000032057E+001      1.05350292146236550028E+0010
     5.92000000001000046268E+001      1.05510211345849084704E+0010
     5.93000000001000060479E+001      1.05666237298757959676E+0010
     5.94000000001000074690E+001      1.05818377776776215588E+0010
     5.95000000001000017846E+001      1.05966640831383599809E+0010
     5.96000000001000032057E+001      1.06111034788313121564E+0010
     5.97000000001000046268E+001      1.06251568242190049621E+0010
     5.98000000001000060479E+001      1.06388250051214117252E+0010
     5.99000000001000074690E+001      1.06521089331890454404E+0010
     6.00000000001000017846E+001      1.06650098920554730991E+0010
     6.01000000001000032057E+001      1.06775200224753226417E+0010
     6.02000000001000046268E+001      1.06896488835728773309E+0010
     6.03000000001000060479E+001      1.07013975139194161564E+0010
     6.04000000001000074690E+001      1.07127669738094110280E+0010
     6.05000000001000017846E+001      1.07237583456078886204E+0010
     6.06000000001000032057E+001      1.07343727332614370515E+0010
     6.07000000001000046268E+001      1.07446112618154669694E+0010
     6.08000000001000060479E+001      1.07544750769355379892E+0010
     6.09000000001000074690E+001      1.07639653444349356209E+0010
     6.10000000001000017846E+001      1.07730832498070461592E+0010
     6.11000000001000032057E+001      1.07818299977629942453E+0010
     6.12000000001000046268E+001      1.07902068117745462333E+0010
     6.13000000001000060479E+001      1.07982149336224559338E+0010
     6.14000000001000074690E+001      1.08058556229499209807E+0010
     6.15000000001000017846E+001      1.08131301568213253390E+0010
     6.16000000001000032057E+001      1.08200398292862474424E+0010
     6.17000000001000046268E+001      1.08265859509486357344E+0010
     6.18000000001000060479E+001      1.08327698485411682291E+0010
     6.19000000001000074690E+001      1.08385928645052236442E+0010
     6.20000000001000017846E+001      1.08440563565754608163E+0010
     6.21000000001000032057E+001      1.08491616973699673601E+0010
     6.22000000001000046268E+001      1.08539102739856535191E+0010
     6.23000000001000060479E+001      1.08583034875984207770E+0010
     6.24000000001000074690E+001      1.08623427530687969778E+0010
     6.25000000001000017846E+001      1.08660294985525950226E+0010
     6.26000000001000032057E+001      1.08693651651166450549E+0010
     6.27000000001000046268E+001      1.08723512063595464053E+0010
     6.28000000001000060479E+001      1.08749890880377072102E+0010
     6.29000000001000074690E+001      1.08772802876961602012E+0010
     6.30000000001000017846E+001      1.08792262943042638745E+0010
     6.31000000001000032057E+001      1.08808286078970449082E+0010
     6.32000000001000046268E+001      1.08820887392204911218E+0010
     6.33000000001000060479E+001      1.08830082093827334979E+0010
     6.34000000001000074690E+001      1.08835885495094334298E+0010
     6.35000000001000017846E+001      1.08838313004043953874E+0010
     6.36000000001000032057E+001      1.08837380122148487322E+0010
     6.37000000001000046268E+001      1.08833102441016427595E+0010
     6.38000000001000060479E+001      1.08825495639140782586E+0010
     6.39000000001000074690E+001      1.08814575478688497114E+0010
     6.40000000001000017846E+001      1.08800357802374282127E+0010
     6.41000000001000103111E+001      1.08782858530305608041E+0010
     6.42000000001000046268E+001      1.08762093656947395672E+0010
     6.43000000000999989425E+001      1.08738079248099551306E+0010
     6.44000000001000074690E+001      1.08710831437925368845E+0010
     6.45000000001000017846E+001      1.08680366426021787550E+0010
     6.46000000001000103111E+001      1.08646700474541010936E+0010
     6.47000000001000046268E+001      1.08609849905352320119E+0010
     6.48000000000999989425E+001      1.08569831097249879423E+0010
     6.49000000001000074690E+001      1.08526660483202102242E+0010
     6.50000000001000017846E+001      1.08480354547647976634E+0010
     6.51000000001000103111E+001      1.08430929823834166904E+0010
     6.52000000001000046268E+001      1.08378402891195466424E+0010
     6.53000000000999989425E+001      1.08322790372775578288E+0010
     6.54000000001000074690E+001      1.08264108932694426967E+0010
     6.55000000001000017846E+001      1.08202375273652488114E+0010
     6.56000000001000103111E+001      1.08137606134477895761E+0010
     6.57000000001000046268E+001      1.08069818287715419732E+0010
     6.58000000000999989425E+001      1.07999028537254258331E+0010
     6.59000000001000074690E+001      1.07925253715994843014E+0010
     6.60000000001000017846E+001      1.07848510683559571199E+0010
     6.61000000001000103111E+001      1.07768816324037641804E+0010
     6.62000000001000046268E+001      1.07686187543771249056E+0010
     6.63000000000999989425E+001      1.07600641269180082849E+0010
     6.64000000001000074690E+001      1.07512194444622706142E+0010
     6.65000000001000017846E+001      1.07420864030297899495E+0010
     6.66000000001000103111E+001      1.07326667000178894407E+0010
     6.67000000001000046268E+001      1.07229620339989445270E+0010
     6.68000000000999989425E+001      1.07129741045213210898E+0010
     6.69000000001000074690E+001      1.07027046119138029569E+0010
     6.70000000001000017846E+001      1.06921552570939579216E+0010
     6.71000000001000103111E+001      1.06813277413797871659E+0010
     6.72000000001000046268E+001      1.06702237663047566100E+0010
     6.73000000000999989425E+001      1.06588450334365419579E+0010
     6.74000000001000074690E+001      1.06471932441987842303E+0010
     6.75000000001000017846E+001      1.06352700996967818841E+0010
     6.76000000001000103111E+001      1.06230773005458087622E+0010
     6.77000000001000046268E+001      1.06106165467033775191E+0010
     6.78000000000999989425E+001      1.05978895373041773750E+0010
     6.79000000001000074690E+001      1.05848979704986772518E+0010
     6.80000000001000017846E+001      1.05716435432944961662E+0010
     6.81000000001000103111E+001      1.05581279514013092892E+0010
     6.82000000001000046268E+001      1.05443528890784446055E+0010
     6.83000000000999989425E+001      1.05303200489857147362E+0010
     6.84000000001000074690E+001      1.05160311220374712558E+0010
     6.85000000001000017846E+001      1.05014877972591599517E+0010
     6.86000000001000103111E+001      1.04866917616471958353E+0010
     6.87000000001000046268E+001      1.04716447000315861460E+0010
     6.88000000000999989425E+001      1.04563482949414225464E+0010
     6.89000000001000074690E+001      1.04408042264732859127E+0010
     6.90000000001000017846E+001      1.04250141721622476906E+0010
     6.91000000001000103111E+001      1.04089798068558960664E+0010
     6.92000000001000046268E+001      1.03927028025907695230E+0010
     6.93000000000999989425E+001      1.03761848284717650985E+0010
     6.94000000001000074690E+001      1.03594275505538224621E+0010
     6.95000000001000017846E+001      1.03424326317268019934E+0010
     6.96000000001000103111E+001      1.03252017316022610704E+0010
     6.97000000001000046268E+001      1.03077365064031234157E+0010
     6.98000000000999989425E+001      1.02900386088560353454E+0010
     6.99000000001000074690E+001      1.02721096880856886399E+0010
     7.00000000001000017846E+001      1.02539513895120264714E+0010
     7.01000000001000103111E+001      1.02355653547495379558E+0010
     7.02000000001000046268E+001      1.02169532215092338516E+0010
     7.03000000000999989425E+001      1.01981166235026219053E+0010
     7.04000000001000074690E+001      1.01790571903482074891E+0010
     7.05000000001000017846E+001      1.01597765474802130951E+0010
     7.06000000001000103111E+001      1.01402763160593830858E+0010
     7.07000000001000046268E+001      1.01205581128863412496E+0010
     7.08000000000999989425E+001      1.01006235503166762441E+0010
     7.09000000001000074690E+001      1.00804742361785093572E+0010
     7.10000000001000017846E+001      1.00601117736920239002E+0010
     7.11000000001000103111E+001      1.00395377613909909006E+0010
     7.12000000001000046268E+001      1.00187537930466146956E+0010
     7.13000000000999989425E+001      9.99776145759316369907E+0009
     7.14000000001000074690E+001      9.97656233905548328255E+0009
     7.15000000001000017846E+001      9.95515801647884968016E+0009
     7.16000000001000103111E+001      9.93355006386035054826E+0009
     7.17000000001000046268E+001      9.91174005008245122563E+0009
     7.18000000000999989425E+001      9.88972953884819785156E+0009
     7.19000000001000074690E+001      9.86752008861846864810E+0009
     7.20000000001000017846E+001      9.84511325255085645322E+0009
     7.21000000001000103111E+001      9.82251057844039589834E+0009
     7.22000000001000046268E+001      9.79971360866216210850E+0009
     7.23000000000999989425E+001      9.77672388011539621511E+0009
     7.24000000001000074690E+001      9.75354292416946433187E+0009
     7.25000000001000017846E+001      9.73017226661140595932E+0009
     7.26000000001000103111E+001      9.70661342759521346580E+0009
     7.27000000001000046268E+001      9.68286792159271259731E+0009
     7.28000000000999989425E+001      9.65893725734589775680E+0009
     7.29000000001000074690E+001      9.63482293782103213746E+0009
     7.30000000001000017846E+001      9.61052646016418888193E+0009
     7.31000000001000103111E+001      9.58604931565835600229E+0009
     7.32000000001000046268E+001      9.56139298968183726372E+0009
     7.33000000000999989425E+001      9.53655896166856687399E+0009
     7.34000000001000074690E+001      9.51154870506924885762E+0009
     7.35000000001000017846E+001      9.48636368731451038254E+0009
     7.36000000001000103111E+001      9.46100536977908674834E+0009
     7.37000000001000046268E+001      9.43547520774736806590E+0009
     7.38000000000999989425E+001      9.40977465038066268390E+0009
     7.39000000001000074690E+001      9.38390514068521529467E+0009
     7.40000000001000017846E+001      9.35786811548208903480E+0009
     7.41000000001000103111E+001      9.33166500537794445030E+0009
     7.42000000001000046268E+001      9.30529723473724837567E+0009
     7.43000000000999989425E+001      9.27876622165562748880E+0009
     7.44000000001000074690E+001      9.25207337793458097175E+0009
     7.45000000001000017846E+001      9.22522010905719489504E+0009
     7.46000000001000103111E+001      9.19820781416520633125E+0009
     7.47000000001000046268E+001      9.17103788603705324791E+0009
     7.48000000000999989425E+001      9.14371171106724048187E+0009
     7.49000000001000074690E+001      9.11623066924662211211E+0009
     7.50000000001000017846E+001      9.08859613414398139383E+0009
     7.51000000001000103111E+001      9.06080947288844380885E+0009
     7.52000000001000046268E+001      9.03287204615319314996E+0009
     7.53000000000999989425E+001      9.00478520813998581196E+0009
     7.54000000001000074690E+001      8.97655030656486966076E+0009
     7.55000000001000017846E+001      8.94816868264483205768E+0009
     7.56000000001000103111E+001      8.91964167108533658698E+0009
     7.57000000001000046268E+001      8.89097060006896614465E+0009
     7.58000000000999989425E+001      8.86215679124486438740E+0009
     7.59000000001000074690E+001      8.83320155971927552105E+0009
     7.60000000001000017846E+001      8.80410621404680417889E+0009
     7.61000000001000103111E+001      8.77487205622266802759E+0009
     7.62000000001000046268E+001      8.74550038167587481652E+0009
     7.63000000000999989425E+001      8.71599247926303108900E+0009
     7.64000000001000074690E+001      8.68634963126324827726E+0009
     7.65000000001000017846E+001      8.65657311337384016127E+0009
     7.66000000001000103111E+001      8.62666419470654477497E+0009
     7.67000000001000046268E+001      8.59662413778494069611E+0009
     7.68000000001000131533E+001      8.56645419854233510523E+0009
     7.69000000001000074690E+001      8.53615562632053283709E+0009
     7.70000000001000017846E+001      8.50572966386940850345E+0009
     7.71000000001000103111E+001      8.47517754734705836080E+0009
     7.72000000001000046268E+001      8.44450050632077227785E+0009
     7.73000000001000131533E+001      8.41369976376871141799E+0009
     7.74000000001000074690E+001      8.38277653608226039570E+0009
     7.75000000001000017846E+001      8.35173203306893168584E+0009
     7.76000000001000103111E+001      8.32056745795618843021E+0009
     7.77000000001000046268E+001      8.28928400739564753351E+0009
     7.78000000001000131533E+001      8.25788287146805544184E+0009
     7.79000000001000074690E+001      8.22636523368892640957E+0009
     7.80000000001000017846E+001      8.19473227101460721141E+0009
     7.81000000001000103111E+001      8.16298515384915620785E+0009
     7.82000000001000046268E+001      8.13112504605160404884E+0009
     7.83000000001000131533E+001      8.09915310494392855571E+0009
     7.84000000001000074690E+001      8.06707048131955059672E+0009
     7.85000000001000017846E+001      8.03487831945230808461E+0009
     7.86000000001000103111E+001      8.00257775710598439736E+0009
     7.87000000001000046268E+001      7.97016992554449213657E+0009
     7.88000000001000131533E+001      7.93765594954241517078E+0009
     7.89000000001000074690E+001      7.90503694739603035529E+0009
     7.90000000001000017846E+001      7.87231403093498470960E+0009
     7.91000000001000103111E+001      7.83948830553427528238E+0009
     7.92000000001000046268E+001      7.80656087012682621824E+0009
     7.93000000001000131533E+001      7.77353281721638295724E+0009
     7.94000000001000074690E+001      7.74040523289106846580E+0009
     7.95000000001000017846E+001      7.70717919683705231743E+0009
     7.96000000001000103111E+001      7.67385578235304655569E+0009
     7.97000000001000046268E+001      7.64043605636483598196E+0009
     7.98000000001000131533E+001      7.60692107944047486360E+0009
     7.99000000001000074690E+001      7.57331190580573908817E+0009
     8.00000000001000017846E+001      7.53960964529307749769E+0009
     8.01000000001000103111E+001      7.50581850601360474720E+0009
     8.02000000001000046268E+001      7.47193628249403231442E+0009
     8.03000000001000131533E+001      7.43796395696743034565E+0009
     8.04000000001000074690E+001      7.40390255239727789506E+0009
     8.05000000001000017846E+001      7.36975308552447930763E+0009
     8.06000000001000103111E+001      7.33551656688489448157E+0009
     8.07000000001000046268E+001      7.30119400082700523125E+0009
     8.08000000001000131533E+001      7.26678638553008503675E+0009
     8.09000000001000074690E+001      7.23229471302254047058E+0009
     8.10000000001000017846E+001      7.19771996920066304482E+0009
     8.11000000001000103111E+001      7.16306313384767753950E+0009
     8.12000000001000046268E+001      7.12832518065299639531E+0009
     8.13000000001000131533E+001      7.09350707723188436301E+0009
     8.14000000001000074690E+001      7.05860978514536048718E+0009
     8.15000000001000017846E+001      7.02363425992033404628E+0009
     8.16000000001000103111E+001      6.98858145107010713354E+0009
     8.17000000001000046268E+001      6.95345230211501132912E+0009
     8.18000000001000131533E+001      6.91824775060340265650E+0009
     8.19000000001000074690E+001      6.88296872813290513166E+0009
     8.20000000001000017846E+001      6.84761616037179844159E+0009
     8.21000000001000103111E+001      6.81219096708077356174E+0009
     8.22000000001000046268E+001      6.77669406213482271611E+0009
     8.23000000001000131533E+001      6.74112635354542495907E+0009
     8.24000000001000074690E+001      6.70548874348286970945E+0009
     8.25000000001000017846E+001      6.66978212829886417993E+0009
     8.26000000001000103111E+001      6.63400739854936020334E+0009
     8.27000000001000046268E+001      6.59816543901748681622E+0009
     8.28000000001000131533E+001      6.56225712873678284517E+0009
     8.29000000001000074690E+001      6.52628334101462722457E+0009
     8.30000000001000017846E+001      6.49024494345572953800E+0009
     8.31000000001000103111E+001      6.45414279798594393362E+0009
     8.32000000001000046268E+001      6.41797776087621134304E+0009
     8.33000000001000131533E+001      6.38175068276666935155E+0009
     8.34000000001000074690E+001      6.34546240869091562427E+0009
     8.35000000001000017846E+001      6.30911377810050711415E+0009
     8.36000000001000103111E+001      6.27270562488949585785E+0009
     8.37000000001000046268E+001      6.23623877741931051451E+0009
     8.38000000001000131533E+001      6.19971405854356348924E+0009
     8.39000000001000074690E+001      6.16313228563323582836E+0009
     8.40000000001000017846E+001      6.12649427060181684160E+0009
     8.41000000001000103111E+001      6.08980081993072172701E+0009
     8.42000000001000046268E+001      6.05305273469474638162E+0009
     8.43000000001000131533E+001      6.01625081058780689108E+0009
     8.44000000001000074690E+001      5.97939583794861681809E+0009
     8.45000000001000017846E+001      5.94248860178665924983E+0009
     8.46000000001000103111E+001      5.90552988180818322074E+0009
     8.47000000001000046268E+001      5.86852045244244905210E+0009
     8.48000000001000131533E+001      5.83146108286790879399E+0009
     8.49000000001000074690E+001      5.79435253703871782162E+0009
     8.50000000001000017846E+001      5.75719557371119823467E+0009
     8.51000000001000103111E+001      5.71999094647053084636E+0009
     8.52000000001000046268E+001      5.68273940375749182076E+0009
     8.53000000001000131533E+001      5.64544168889536446071E+0009
     8.54000000001000074690E+001      5.60809854011691369991E+0009
     8.55000000001000017846E+001      5.57071069059148483646E+0009
     8.56000000001000103111E+001      5.53327886845223733028E+0009
     8.57000000001000046268E+001      5.49580379682346753950E+0009
     8.58000000001000131533E+001      5.45828619384802481619E+0009
     8.59000000001000074690E+001      5.42072677271491123548E+0009
     8.60000000001000017846E+001      5.38312624168685396551E+0009
     8.61000000001000103111E+001      5.34548530412812720500E+0009
     8.62000000001000046268E+001      5.30780465853241668319E+0009
     8.63000000001000131533E+001      5.27008499855076942464E+0009
     8.64000000001000074690E+001      5.23232701301970684305E+0009
     8.65000000001000017846E+001      5.19453138598939703717E+0009
     8.66000000001000103111E+001      5.15669879675199192548E+0009
     8.67000000001000046268E+001      5.11882991987002067232E+0009
     8.68000000001000131533E+001      5.08092542520494743024E+0009
     8.69000000001000074690E+001      5.04298597794578124666E+0009
     8.70000000001000017846E+001      5.00501223863788186861E+0009
     8.71000000001000103111E+001      4.96700486321180923290E+0009
     8.72000000001000046268E+001      4.92896450301235394342E+0009
     8.73000000001000131533E+001      4.89089180482763474753E+0009
     8.74000000001000074690E+001      4.85278741091839251219E+0009
     8.75000000001000017846E+001      4.81465195904732636382E+0009
     8.76000000001000103111E+001      4.77648608250865573753E+0009
     8.77000000001000046268E+001      4.73829041015775540812E+0009
     8.78000000001000131533E+001      4.70006556644096553211E+0009
     8.79000000001000074690E+001      4.66181217142553364852E+0009
     8.80000000001000017846E+001      4.62353084082970770534E+0009
     8.81000000001000103111E+001      4.58522218605299997258E+0009
     8.82000000001000046268E+001      4.54688681420661297364E+0009
     8.83000000001000131533E+001      4.50852532814403896131E+0009
     8.84000000001000074690E+001      4.47013832649178269253E+0009
     8.85000000001000017846E+001      4.43172640368038871754E+0009
     8.86000000001000103111E+001      4.39329014997550885979E+0009
     8.87000000001000046268E+001      4.35483015150933131583E+0009
     8.88000000001000131533E+001      4.31634699031205311207E+0009
     8.89000000001000074690E+001      4.27784124434375925414E+0009
     8.90000000001000017846E+001      4.23931348752633407634E+0009
     8.91000000001000103111E+001      4.20076428977576896632E+0009
     8.92000000001000046268E+001      4.16219421703467971449E+0009
     8.93000000001000131533E+001      4.12360383130502551489E+0009
     8.94000000001000074690E+001      4.08499369068122805832E+0009
     8.95000000001000017846E+001      4.04636434938346826799E+0009
     8.96000000001000103111E+001      4.00771635779136473653E+0009
     8.97000000001000046268E+001      3.96905026247796264302E+0009
     8.98000000001000131533E+001      3.93036660624405416010E+0009
     8.99000000001000074690E+001      3.89166592815288993846E+0009
     9.00000000001000017846E+001      3.85294876356522849115E+0009
     9.01000000001000103111E+001      3.81421564417481129214E+0009
     9.02000000001000046268E+001      3.77546709804431728609E+0009
     9.03000000001000131533E+001      3.73670364964166706870E+0009
     9.04000000001000074690E+001      3.69792581987688447924E+0009
     9.05000000001000017846E+001      3.65913412613942973202E+0009
     9.06000000001000103111E+001      3.62032908233603819460E+0009
     9.07000000001000046268E+001      3.58151119892923250621E+0009
     9.08000000001000131533E+001      3.54268098297627632151E+0009
     9.09000000001000074690E+001      3.50383893816889438377E+0009
     9.10000000001000017846E+001      3.46498556487358715970E+0009
     9.11000000001000103111E+001      3.42612136017268699937E+0009
     9.12000000001000046268E+001      3.38724681790619390442E+0009
     9.13000000001000131533E+001      3.34836242871435973034E+0009
     9.14000000001000074690E+001      3.30946868008117554691E+0009
     9.15000000001000017846E+001      3.27056605637874060614E+0009
     9.16000000001000103111E+001      3.23165503891259977467E+0009
     9.17000000001000046268E+001      3.19273610596813683298E+0009
     9.18000000001000131533E+001      3.15380973285800014423E+0009
     9.19000000001000074690E+001      3.11487639197079999276E+0009
     9.20000000001000017846E+001      3.07593655282088925554E+0009
     9.21000000001000103111E+001      3.03699068209963642805E+0009
     9.22000000001000046268E+001      2.99803924372801845989E+0009
     9.23000000001000131533E+001      2.95908269891072889397E+0009
     9.24000000001000074690E+001      2.92012150619195914444E+0009
     9.25000000001000017846E+001      2.88115612151281564611E+0009
     9.26000000001000103111E+001      2.84218699827066685596E+0009
     9.27000000001000046268E+001      2.80321458738045575709E+0009
     9.28000000001000131533E+001      2.76423933733808324235E+0009
     9.29000000001000074690E+001      2.72526169428615010482E+0009
     9.30000000001000017846E+001      2.68628210208206307192E+0009
     9.31000000001000103111E+001      2.64730100236881121580E+0009
     9.32000000001000046268E+001      2.60831883464859404829E+0009
     9.33000000001000131533E+001      2.56933603635941828185E+0009
     9.34000000001000074690E+001      2.53035304295503457262E+0009
     9.35000000001000017846E+001      2.49137028798837708198E+0009
     9.36000000001000103111E+001      2.45238820319881769442E+0009
     9.37000000001000046268E+001      2.41340721860358187097E+0009
     9.38000000001000131533E+001      2.37442776259354175516E+0009
     9.39000000001000074690E+001      2.33545026203394314193E+0009
     9.40000000001000017846E+001      2.29647514237028458234E+0009
     9.41000000001000103111E+001      2.25750282773990410495E+0009
     9.42000000001000046268E+001      2.21853374108980925623E+0009
     9.43000000001000131533E+001      2.17956830430110351791E+0009
     9.44000000001000074690E+001      2.14060693832089848233E+0009
     9.45000000001000017846E+001      2.10165006330207465591E+0009
     9.46000000001000103111E+001      2.06269809875188485933E+0009
     9.47000000001000046268E+001      2.02375146369011988977E+0009
     9.48000000001000131533E+001      1.98481057681768667349E+0009
     9.49000000001000074690E+001      1.94587585669681935132E+0009
     9.50000000001000017846E+001      1.90694772194384273754E+0009
     9.51000000001000103111E+001      1.86802659143599004298E+0009
     9.52000000001000046268E+001      1.82911288453359584463E+0009
     9.53000000001000131533E+001      1.79020702131930750970E+0009
     9.54000000001000074690E+001      1.75130942285623945586E+0009
     9.55000000001000017846E+001      1.71242051146705581627E+0009
     9.56000000001000103111E+001      1.67354071103641988513E+0009
     9.57000000001000046268E+001      1.63467044733953469208E+0009
     9.58000000001000131533E+001      1.59581014839969952698E+0009
     9.59000000001000074690E+001      1.55696024487862801736E+0009
     9.60000000001000017846E+001      1.51812117050338609241E+0009
     9.61000000001000103111E+001      1.47929336253469585738E+0009
     9.62000000001000046268E+001      1.44047726228204980949E+0009
     9.63000000001000131533E+001      1.40167331567169625620E+0009
     9.64000000001000074690E+001      1.36288197387502146720E+0009
     9.65000000001000017846E+001      1.32410369400564185308E+0009
     9.66000000001000103111E+001      1.28533893989529637790E+0009
     9.67000000001000046268E+001      1.24658818296034533817E+0009
     9.68000000001000131533E+001      1.20785190317271368779E+0009
     9.69000000001000074690E+001      1.16913059015208877773E+0009
     9.70000000001000017846E+001      1.13042474439908584431E+0009
     9.71000000001000103111E+001      1.09173487869348788249E+0009
     9.72000000001000046268E+001      1.05306151968650798825E+0009
     9.73000000001000131533E+001      1.01440520972235023946E+0009
     9.74000000001000074690E+001      9.75766508932587076078E+0008
     9.75000000001000017846E+001      9.37145997656760902663E+0008
     9.76000000001000103111E+001      8.98544279256100407874E+0008
     9.77000000001000046268E+001      8.59961983404070297058E+0008
     9.78000000001000131533E+001      8.21399769959952131724E+0008
     9.79000000001000074690E+001      7.82858333561512557578E+0008
     9.80000000001000017846E+001      7.44338409112453232492E+0008
     9.81000000001000103111E+001      7.05840778394915902478E+0008
     9.82000000001000046268E+001      6.67366278112046306374E+0008
     9.83000000001000131533E+001      6.28915809770647738515E+0008
     9.84000000001000074690E+001      5.90490351964046610961E+0008
     9.85000000001000017846E+001      5.52090975832853749297E+0008
     9.86000000001000103111E+001      5.13718864805554721452E+0008
     9.87000000001000046268E+001      4.75375340213944003128E+0008
     9.88000000001000131533E+001      4.37061895150501832542E+0008
     9.89000000001000074690E+001      3.98780240182381271931E+0008
     9.90000000001000017846E+001      3.60532366626719030907E+0008
     9.91000000001000103111E+001      3.22320636747592841974E+0008
     9.92000000001000046268E+001      2.84147916961308424319E+0008
     9.93000000001000131533E+001      2.46017783300394920684E+0008
     9.94000000001000074690E+001      2.07934856197064269256E+0008
     9.95000000001000017846E+001      1.69905386447110446178E+0008
     9.96000000001000103111E+001      1.31938386401140554020E+0008
     9.97000000001000046268E+001      9.40481529853489124113E+0007
     9.98000000001000131533E+001      5.62614435905797267107E+0007
     9.99000000001000074690E+001                               NaN
