     1.00000000100000013825E-001      3.27156786989715276213E-0350
     2.00000000100000019376E-001      1.39691526433338842489E-1672
     3.00000000100000052683E-001      2.55663092785427667485E-1359
     4.00000000100000030478E-001      5.06841457661936694995E-0965
     5.00000000100000008274E-001      5.17341052925879876895E-0660
     6.00000000100000097092E-001      7.72882316432356490267E-0453
     7.00000000100000074887E-001      2.83442603108619493125E-0323
     8.00000000100000052683E-001      8.53616914110101564881E-0239
     9.00000000100000030478E-001      1.07190077717941109287E-0179
     1.00000000010000000827E+000      6.83215494433072783279E-0153
     1.10000000010000009709E+000      1.46446380469097786888E-0119
     1.20000000010000018591E+000      1.46265512616042947278E-0095
     1.30000000010000005268E+000      2.74542740234331839100E-0077
     1.40000000010000014150E+000      3.37233673472456751373E-0063
     1.50000000010000000827E+000      3.73327095825178673942E-0052
     1.60000000010000009709E+000      5.05280479847341301530E-0043
     1.70000000010000018591E+000      1.13351366149671636515E-0035
     1.80000000010000005268E+000      1.15075315155323200865E-0029
     1.90000000010000014150E+000      1.00149088490647565770E-0024
     2.00000000010000000827E+000      1.35096130619614460080E-0020
     2.10000000010000009709E+000      4.51580630060313237763E-0017
     2.20000000010000018591E+000      4.34676195009038818131E-0014
     2.30000000010000027473E+000      8.00680151688676924638E-0067
     2.40000000010000036355E+000      8.14824504850530750042E-0086
     2.50000000010000000827E+000      8.49017096485238223701E-0077
     2.60000000010000009709E+000      8.29397331561137335584E-0080
     2.70000000010000018591E+000      8.52605338456008202177E-0072
     2.80000000010000027473E+000      9.48400074984330468708E-0065
     2.90000000010000036355E+000      1.59446811410145517917E-0058
     3.00000000010000000827E+000      5.34150490410528021510E-0053
     3.10000000010000009709E+000      6.67851703443335369274E-0048
     3.20000000010000018591E+000      2.34191259604541644298E-0043
     3.30000000010000027473E+000      2.73417111665143008473E-0039
     3.40000000010000036355E+000      1.22755554472555171960E-0035
     3.50000000010000000827E+000      2.39379923819233383591E-0032
     3.60000000010000009709E+000      2.24825110732772601878E-0029
     3.70000000010000018591E+000      1.11067722921619967575E-0026
     3.80000000010000027473E+000      3.11247067580046049483E-0024
     3.90000000010000036355E+000      5.27962456333947052450E-0022
     4.00000000010000000827E+000      5.73782912535026243304E-0020
     4.10000000010000054118E+000      4.60935246105061196193E-0018
     4.20000000010000018591E+000      2.56132366319733908226E-0016
     4.30000000009999983064E+000      1.02347328112285798985E-0014
     4.40000000010000036355E+000      3.04241243492086917162E-0013
     4.50000000010000000827E+000      6.93142540121835249452E-0012
     4.60000000010000054118E+000      1.24242485110474231876E-0010
     4.70000000010000018591E+000      1.79309262777257667866E-0009
     4.80000000010000071882E+000      2.12669520126882934510E-0008
     4.90000000010000036355E+000      2.11085907460751059143E-0007
     5.00000000010000000827E+000      1.78252309159387204576E-0006
     5.10000000010000054118E+000      1.34524647150038350950E-0005
     5.20000000010000018591E+000      8.83601473794501155755E-0005
     5.30000000010000071882E+000      5.68460341874508465758E-0004
     5.40000000010000036355E+000      2.63329864886570013022E-0003
     5.50000000010000000827E+000      1.22056153020793288076E-0002
     5.60000000010000054118E+000      5.12503588199819332620E-0002
     5.70000000010000018591E+000      1.96504763760891374564E-0001
     5.80000000010000071882E+000      6.94121707383002135003E-0001
     5.90000000010000036355E+000      2.27127440979733048880E+0000
     6.00000000010000000827E+000      2.83584754268763825009E+0001
     6.10000000010000054118E+000      2.01275277386737131893E+0001
     6.20000000010000018591E+000      5.49538594403683351506E+0001
     6.30000000010000071882E+000      1.41753275192353580541E+0002
     6.40000000010000036355E+000      3.45853604098822069718E+0002
     6.50000000010000000827E+000      8.03571312873615634130E+0002
     6.60000000010000054118E+000      1.95522751329702878813E+0003
     6.70000000010000018591E+000      9.96834379324404264640E+0003
     6.80000000010000071882E+000      9.06623608589796688678E+0003
     6.90000000010000036355E+000      1.51866632130792667967E+0004
     7.00000000010000000827E+000      2.87935593883930877933E+0004
     7.10000000010000054118E+000      8.50805076380192770212E+0004
     7.20000000010000018591E+000      6.34531336874964721238E+0004
     7.30000000010000071882E+000      6.51078009220173350688E+0004
     7.40000000010000036355E+000      1.10396466166740505791E+0005
     7.50000000010000000827E+000      1.84696094537190359190E+0005
     7.60000000010000054118E+000      2.94888677464250302469E+0005
     7.70000000010000018591E+000      6.23288949382336651961E+0005
     7.80000000010000071882E+000      7.21875440571014811685E+0005
     7.90000000010000036355E+000      9.04709526624172943225E+0005
     8.00000000010000000827E+000      1.22872409118420054119E+0006
     8.10000000009999965300E+000      1.82920327650980936492E+0006
     8.20000000010000107409E+000      2.54170299724874192264E+0006
     8.30000000010000071882E+000      3.52965585673400912058E+0006
     8.40000000010000036355E+000      4.39215370706748933975E+0006
     8.50000000010000000827E+000      6.07070571155400460390E+0006
     8.60000000009999965300E+000      8.27889888907012643851E+0006
     8.70000000010000107409E+000      1.11477695571223575886E+0007
     8.80000000010000071882E+000      1.48311714704555527542E+0007
     8.90000000010000036355E+000      1.95077142035749042901E+0007
     9.00000000010000000827E+000      2.53825273053523837210E+0007
     9.10000000009999965300E+000      3.26887990155341725723E+0007
     9.20000000010000107409E+000      4.16890422566575844027E+0007
     9.30000000010000071882E+000      5.26760460070510913698E+0007
     9.40000000010000036355E+000      6.59734767710900009054E+0007
     9.50000000010000000827E+000      8.19361024095322397377E+0007
     9.60000000010000142936E+000      1.00949618778741058015E+0008
     9.70000000010000107409E+000      1.23430068155548243232E+0008
     9.80000000010000071882E+000      1.49822847010006554539E+0008
     9.90000000010000036355E+000      1.80601309489112381703E+0008
     1.00000000001000000083E+001      2.16398720748150171412E+0008
     1.01000000001000014294E+001      2.58422189443027412191E+0008
     1.02000000001000010741E+001      3.06692215156214693135E+0008
     1.03000000001000007188E+001      3.61819683216468884885E+0008
     1.04000000001000003635E+001      4.24434050873547113173E+0008
     1.05000000001000000083E+001      4.95179706920869621455E+0008
     1.06000000001000014294E+001      5.74712095417953061756E+0008
     1.07000000001000010741E+001      6.63693655445956378283E+0008
     1.08000000001000007188E+001      7.62789630229709789408E+0008
     1.09000000001000003635E+001      8.72663799250678093006E+0008
     1.10000000001000000083E+001      9.93974186236055308570E+0008
     1.11000000001000014294E+001      1.12736879423941483063E+0009
     1.12000000001000010741E+001      1.27348141653587504660E+0009
     1.13000000001000007188E+001      1.43292756886315928532E+0009
     1.14000000001000003635E+001      1.60630058477069503744E+0009
     1.15000000001000000083E+001      1.79416791161946503235E+0009
     1.16000000001000014294E+001      1.99706764022592545789E+0009
     1.17000000001000010741E+001      2.21550529638417640946E+0009
     1.18000000001000007188E+001      2.44995091763681435551E+0009
     1.19000000001000003635E+001      2.70083643379979493598E+0009
     1.20000000001000000083E+001      2.96855336496679362614E+0009
     1.21000000001000014294E+001      3.25345084610186259888E+0009
     1.22000000001000010741E+001      3.55583398294163270769E+0009
     1.23000000001000007188E+001      3.87596253982043957670E+0009
     1.24000000001000003635E+001      4.21404995625137310276E+0009
     1.25000000001000000083E+001      4.57026268566314257799E+0009
     1.26000000001000014294E+001      4.94471984664158311607E+0009
     1.27000000001000010741E+001      5.33749317435218646796E+0009
     1.28000000001000007188E+001      5.74860725753693512692E+0009
     1.29000000001000003635E+001      6.17804004458202299658E+0009
     1.30000000001000000083E+001      6.62572360061916010875E+0009
     1.31000000001000014294E+001      7.09154509645499181884E+0009
     1.32000000001000010741E+001      7.57534800928163394546E+0009
     1.33000000001000007188E+001      8.07693351459239728242E+0009
     1.34000000001000003635E+001      8.59606204848875847908E+0009
     1.35000000001000000083E+001      9.13245501957518468351E+0009
     1.36000000001000014294E+001      9.68579664988678897914E+0009
     1.37000000001000010741E+001      1.02557359247391608477E+0010
     1.38000000001000007188E+001      1.08418886320114642997E+0010
     1.39000000001000003635E+001      1.14438394721392718989E+0010
     1.40000000001000000083E+001      1.20611442209807260311E+0010
     1.41000000001000014294E+001      1.26933319287043622264E+0010
     1.42000000001000010741E+001      1.33399071389024952244E+0010
     1.43000000001000007188E+001      1.40003521132448298614E+0010
     1.44000000001000003635E+001      1.46741290481320670975E+0010
     1.45000000001000000083E+001      1.53606822709670273277E+0010
     1.46000000001000014294E+001      1.60594404048269391245E+0010
     1.47000000001000010741E+001      1.67698184914676716210E+0010
     1.48000000001000007188E+001      1.74912200637247338400E+0010
     1.49000000001000003635E+001      1.82230391594660993127E+0010
     1.50000000001000000083E+001      1.89666693632069421906E+0010
     1.51000000001000014294E+001      1.97293122216340805998E+0010
     1.52000000001000010741E+001      2.05009585780899004310E+0010
     1.53000000001000007188E+001      2.12809558101017337274E+0010
     1.54000000001000003635E+001      2.20686553628220523842E+0010
     1.55000000001000000083E+001      2.28634091705412819886E+0010
     1.56000000001000014294E+001      2.36645712362905959755E+0010
     1.57000000001000010741E+001      2.44714991193577420120E+0010
     1.58000000001000007188E+001      2.52835553300935737267E+0010
     1.59000000001000003635E+001      2.61001086320091705958E+0010
     1.60000000000999982319E+001      2.69205352517039864955E+0010
     1.61000000000999996530E+001      2.77442199976769045348E+0010
     1.62000000000999975214E+001      2.85705572894874711494E+0010
     1.63000000000999989425E+001      2.93989520991345263663E+0010
     1.64000000001000003635E+001      3.02288208068414276756E+0010
     1.65000000000999982319E+001      3.10595919737197378082E+0010
     1.66000000000999996530E+001      3.18907070340263876365E+0010
     1.67000000000999975214E+001      3.27216209099141253948E+0010
     1.68000000000999989425E+001      3.35518025517463511654E+0010
     1.69000000001000003635E+001      3.43807354071524749737E+0010
     1.70000000000999982319E+001      3.52079178221027313922E+0010
     1.71000000000999996530E+001      3.60328633773287090247E+0010
     1.72000000000999975214E+001      3.68551011634579465149E+0010
     1.73000000000999989425E+001      3.76741759982337194919E+0010
     1.74000000001000003635E+001      3.84896485891787065419E+0010
     1.75000000000999982319E+001      3.93010956450339365475E+0010
     1.76000000000999996530E+001      4.01081099392536709462E+0010
     1.77000000000999975214E+001      4.09103003287738894428E+0010
     1.78000000000999989425E+001      4.17072917312030489755E+0010
     1.79000000001000003635E+001      4.24987250634945925395E+0010
     1.80000000000999982319E+001      6.64508040936679171361E+0007
     1.81000000000999996530E+001      7.39823358611318891396E+0007
     1.82000000000999975214E+001      8.21889455676943198282E+0007
     1.83000000000999989425E+001      9.11133389653884864632E+0007
     1.84000000001000003635E+001      1.00799508416103006421E+0008
     1.85000000000999982319E+001      1.11292684505062733612E+0008
     1.86000000000999996530E+001      1.22639283181794829855E+0008
     1.87000000000999975214E+001      1.34886848631987503726E+0008
     1.88000000000999989425E+001      1.48083992099824318754E+0008
     1.89000000001000003635E+001      1.62280326894542872145E+0008
     1.90000000000999982319E+001      1.77526399827556287710E+0008
     1.91000000000999996530E+001      1.93873619336745458026E+0008
     1.92000000001000010741E+001      2.11374180563459197212E+0008
     1.93000000000999989425E+001      2.30080987654460319578E+0008
     1.94000000001000003635E+001      2.50047573566440001446E+0008
     1.95000000000999982319E+001      2.71328017654087160624E+0008
     1.96000000000999996530E+001      2.93976861324767432732E+0008
     1.97000000001000010741E+001      3.18049022043288072183E+0008
     1.98000000000999989425E+001      3.43599705969304476979E+0008
     1.99000000001000003635E+001      3.70684319507650148184E+0008
     2.00000000000999982319E+001      3.99372928890463370232E+0008
     2.01000000000999996530E+001      4.29718674759320457018E+0008
     2.02000000001000010741E+001      4.61766295098826080765E+0008
     2.03000000000999989425E+001      4.95569256910823224775E+0008
     2.04000000001000003635E+001      5.31180409678254007835E+0008
     2.05000000000999982319E+001      5.68651875011572542529E+0008
     2.06000000000999996530E+001      6.08034936533388842106E+0008
     2.07000000001000010741E+001      6.49379931910122954812E+0008
     2.08000000000999989425E+001      6.92736147385267315366E+0008
     2.09000000001000003635E+001      7.38151715149656437014E+0008
     2.10000000000999982319E+001      7.85673513861861520914E+0008
     2.11000000000999996530E+001      8.35347072610310191292E+0008
     2.12000000001000010741E+001      8.87216478585597957746E+0008
     2.13000000000999989425E+001      9.41324288707959444834E+0008
     2.14000000001000003635E+001      9.97711445431477157966E+0008
     2.15000000000999982319E+001      1.05641719692237829919E+0009
     2.16000000000999996530E+001      1.11747902178497561199E+0009
     2.17000000001000010741E+001      1.18093255848521169794E+0009
     2.18000000000999989425E+001      1.24681153959814241394E+0009
     2.19000000001000003635E+001      1.31514773098229869185E+0009
     2.20000000000999982319E+001      1.38597087596200673720E+0009
     2.21000000000999996530E+001      1.45930864457616206895E+0009
     2.22000000001000010741E+001      1.53518658793067856472E+0009
     2.23000000000999989425E+001      1.61362809767206988716E+0009
     2.24000000001000003635E+001      1.69465437057892789842E+0009
     2.25000000000999982319E+001      1.77828437825036217685E+0009
     2.26000000000999996530E+001      1.86453484185241288585E+0009
     2.27000000001000010741E+001      1.95342021186590271401E+0009
     2.28000000000999989425E+001      2.04495265276555180645E+0009
     2.29000000001000003635E+001      2.13914203254284949643E+0009
     2.30000000000999982319E+001      2.23599591697424921188E+0009
     2.31000000000999996530E+001      2.33551956852179853057E+0009
     2.32000000001000010741E+001      2.43771594974349511967E+0009
     2.33000000000999989425E+001      2.54258573107880816335E+0009
     2.34000000001000003635E+001      2.65012730286709820360E+0009
     2.35000000000999982319E+001      2.76033679144762485141E+0009
     2.36000000000999996530E+001      2.87320807918222063123E+0009
     2.37000000001000010741E+001      2.98873282823705864071E+0009
     2.38000000000999989425E+001      3.10690050795293792583E+0009
     2.39000000001000003635E+001      3.22769842563081581081E+0009
     2.40000000000999982319E+001      3.35111176055422009266E+0009
     2.41000000000999996530E+001      3.47712360106957156249E+0009
     2.42000000001000010741E+001      3.60571498454201796795E+0009
     2.43000000000999989425E+001      3.73686494000434775634E+0009
     2.44000000001000003635E+001      3.87055053331595892051E+0009
     2.45000000000999982319E+001      4.00674691464951633213E+0009
     2.46000000000999996530E+001      4.14542736812347063698E+0009
     2.47000000001000010741E+001      4.28656336340142854904E+0009
     2.48000000000999989425E+001      4.43012460907988613607E+0009
     2.49000000001000003635E+001      4.57607910768989146262E+0009
     2.50000000000999982319E+001      4.72439321214109049226E+0009
     2.51000000000999996530E+001      4.87503168343972340200E+0009
     2.52000000001000010741E+001      5.02795774951632826643E+0009
     2.53000000000999989425E+001      5.18313316500377941178E+0009
     2.54000000001000003635E+001      5.34051827180934261801E+0009
     2.55000000000999982319E+001      5.50007206033182621732E+0009
     2.56000000000999996530E+001      5.66175223117650530226E+0009
     2.57000000001000010741E+001      5.82551525722999002330E+0009
     2.58000000000999989425E+001      5.99131644595732492926E+0009
     2.59000000001000003635E+001      6.15911000179601773868E+0009
     2.60000000000999982319E+001      6.32884908851901086420E+0009
     2.61000000000999996530E+001      6.50048589145326752609E+0009
     2.62000000001000010741E+001      6.67397167943775651215E+0009
     2.63000000000999989425E+001      6.84925686641766729136E+0009
     2.64000000001000003635E+001      7.02629107257279480036E+0009
     2.65000000000999982319E+001      7.20502318488541792344E+0009
     2.66000000000999996530E+001      7.38540141705863971650E+0009
     2.67000000001000010741E+001      7.56737336870223555159E+0009
     2.68000000000999989425E+001      7.75088608370717904149E+0009
     2.69000000001000003635E+001      7.93588610773752481208E+0009
     2.70000000000999982319E+001      8.12231954477154400346E+0009
     2.71000000000999996530E+001      8.31013211263095923803E+0009
     2.72000000001000010741E+001      8.49926919744158150108E+0009
     2.73000000000999989425E+001      8.68967590697321747467E+0009
     2.74000000001000003635E+001      8.88129712281338223362E+0009
     2.75000000000999982319E+001      9.07407755133010531323E+0009
     2.76000000000999996530E+001      9.26796177338982109433E+0009
     2.77000000001000010741E+001      9.46289429279406882654E+0009
     2.78000000000999989425E+001      9.65881958340790812285E+0009
     2.79000000001000003635E+001      9.85568213495478988852E+0009
     2.80000000000999982319E+001      1.00534264974564913837E+0010
     2.81000000000999996530E+001      1.02519973243021518390E+0010
     2.82000000001000010741E+001      1.04513394139308878105E+0010
     2.83000000000999989425E+001      1.06513977501197321725E+0010
     2.84000000001000003635E+001      1.08521175408689763350E+0010
     2.85000000000999982319E+001      1.10534442558809719032E+0010
     2.86000000000999996530E+001      1.12553236626310021835E+0010
     2.87000000001000010741E+001      1.14577018610338444324E+0010
     2.88000000000999989425E+001      1.16605253167070889816E+0010
     2.89000000001000003635E+001      1.18637408928418392160E+0010
     2.90000000000999982319E+001      1.20672958806860049107E+0010
     2.91000000000999996530E+001      1.22711380286546193185E+0010
     2.92000000001000010741E+001      1.24752155700772860620E+0010
     2.93000000000999989425E+001      1.26794772496005877412E+0010
     2.94000000001000003635E+001      1.28838723482600739006E+0010
     2.95000000000999982319E+001      1.30883507072399776043E+0010
     2.96000000000999996530E+001      1.32928627503425152155E+0010
     2.97000000001000010741E+001      1.34973595051846325327E+0010
     2.98000000000999989425E+001      1.37017926231469993894E+0010
     2.99000000001000003635E+001      1.39061143980965741648E+0010
     3.00000000000999982319E+001      1.41103776601981216238E+0010
     3.01000000000999996530E+001      1.43146467611833061725E+0010
     3.02000000001000010741E+001      1.45186696685381241652E+0010
     3.03000000000999989425E+001      1.47224002601322686716E+0010
     3.04000000001000003635E+001      1.49257947689681400155E+0010
     3.05000000000999982319E+001      1.51288101581965452858E+0010
     3.06000000000999996530E+001      1.53314041310335589811E+0010
     3.07000000001000010741E+001      1.55335351396985949629E+0010
     3.08000000000999989425E+001      1.57351623934039921064E+0010
     3.09000000001000003635E+001      1.59362458654230526225E+0010
     3.10000000000999982319E+001      1.61367462992663966162E+0010
     3.11000000000999996530E+001      1.63366252139966112638E+0010
     3.12000000001000010741E+001      1.65358449087086669322E+0010
     3.13000000000999989425E+001      1.67343684662052268816E+0010
     3.14000000001000003635E+001      1.69321597558956620318E+0010
     3.15000000000999982319E+001      1.71291834359463568414E+0010
     3.16000000000999996530E+001      1.73254049547112246790E+0010
     3.17000000001000010741E+001      1.75207905514687575848E+0010
     3.18000000000999989425E+001      1.77153072564944797105E+0010
     3.19000000001000003635E+001      1.79089228904941839987E+0010
     3.20000000001000017846E+001      1.81016060634254511048E+0010
     3.21000000001000032057E+001      1.82933261727332386230E+0010
     3.22000000001000046268E+001      1.84840534010247757444E+0010
     3.23000000001000060479E+001      1.86737587132101960184E+0010
     3.24000000001000003635E+001      1.88624138531314849971E+0010
     3.25000000001000017846E+001      1.90499913397060549894E+0010
     3.26000000001000032057E+001      1.92364644626066765597E+0010
     3.27000000001000046268E+001      1.94218072775030628952E+0010
     3.28000000001000060479E+001      1.96059946008852939852E+0010
     3.29000000001000003635E+001      1.97890020044933580365E+0010
     3.30000000001000017846E+001      1.99708058093721535391E+0010
     3.31000000001000032057E+001      2.01513830795750955903E+0010
     3.32000000001000046268E+001      2.03307116155345227036E+0010
     3.33000000001000060479E+001      2.05087699471214534705E+0010
     3.34000000001000003635E+001      2.06855373264106998154E+0010
     3.35000000001000017846E+001      2.08609937201722068701E+0010
     3.36000000001000032057E+001      2.10351198021076877872E+0010
     3.37000000001000046268E+001      2.12078969448464059132E+0010
     3.38000000001000060479E+001      2.13793072117217561302E+0010
     3.39000000001000003635E+001      2.15493333483413150185E+0010
     3.40000000001000017846E+001      2.17179587739692463226E+0010
     3.41000000001000032057E+001      2.18851675727348435946E+0010
     3.42000000001000046268E+001      2.20509444846818361156E+0010
     3.43000000001000060479E+001      2.22152748966743831074E+0010
     3.44000000001000003635E+001      2.23781448331729304969E+0010
     3.45000000001000017846E+001      2.25395409468926071109E+0010
     3.46000000001000032057E+001      2.26994505093576180727E+0010
     3.47000000001000046268E+001      2.28578614013644686779E+0010
     3.48000000001000060479E+001      2.30147621033650767380E+0010
     3.49000000001000003635E+001      2.31701416857824922068E+0010
     3.50000000001000017846E+001      2.33239897992674504452E+0010
     3.51000000001000032057E+001      2.34762966649103926787E+0010
     3.52000000001000046268E+001      2.36270530644151823715E+0010
     3.53000000001000060479E+001      2.37762503302465332662E+0010
     3.54000000001000003635E+001      2.39238803357594485863E+0010
     3.55000000001000017846E+001      2.40699354853194973446E+0010
     3.56000000001000032057E+001      2.42144087044232611638E+0010
     3.57000000001000046268E+001      2.43572934298246429383E+0010
     3.58000000001000060479E+001      2.44985835996782722875E+0010
     3.59000000001000003635E+001      2.46382736437038104459E+0010
     3.60000000001000017846E+001      2.47763584733796684461E+0010
     3.61000000001000032057E+001      2.49128334721740239800E+0010
     3.62000000001000046268E+001      2.50476944858156559471E+0010
     3.63000000001000060479E+001      2.51809378126144048244E+0010
     3.64000000001000003635E+001      2.53125601938343637817E+0010
     3.65000000001000017846E+001      2.54425588041269532438E+0010
     3.66000000001000032057E+001      2.55709312420256085237E+0010
     3.67000000001000046268E+001      2.56976755205114343246E+0010
     3.68000000001000060479E+001      2.58227900576501065632E+0010
     3.69000000001000003635E+001      2.59462736673061297995E+0010
     3.70000000001000017846E+001      2.60681255499379735492E+0010
     3.71000000001000032057E+001      2.61883452834773462787E+0010
     3.72000000001000046268E+001      2.63069328142969545215E+0010
     3.73000000001000060479E+001      2.64238884482683720989E+0010
     3.74000000001000003635E+001      2.65392128419145066784E+0010
     3.75000000001000017846E+001      2.66529069936576491166E+0010
     3.76000000001000032057E+001      2.67649722351669128684E+0010
     3.77000000001000046268E+001      2.68754102228079966991E+0010
     3.78000000001000060479E+001      2.69842229291939564055E+0010
     3.79000000001000003635E+001      2.70914126348433786516E+0010
     3.80000000001000017846E+001      2.71969819199441550960E+0010
     3.81000000001000032057E+001      2.73009336562264270194E+0010
     3.82000000001000046268E+001      2.74032709989449511756E+0010
     3.83000000001000060479E+001      2.75039973789723641971E+0010
     3.84000000001000074690E+001      2.76031164950056582294E+0010
     3.85000000001000017846E+001      2.77006323058836048276E+0010
     3.86000000001000032057E+001      2.77965490230204816629E+0010
     3.87000000001000046268E+001      2.78908711029520780136E+0010
     3.88000000001000060479E+001      2.79836032399982898265E+0010
     3.89000000001000074690E+001      2.80747503590397408017E+0010
     3.90000000001000017846E+001      2.81643176084114261857E+0010
     3.91000000001000032057E+001      2.82523103529113194061E+0010
     3.92000000001000046268E+001      2.83387341669249402567E+0010
     3.93000000001000060479E+001      2.84235948276661030616E+0010
     3.94000000001000074690E+001      2.85068983085335702979E+0010
     3.95000000001000017846E+001      2.85886507725830598551E+0010
     3.96000000001000032057E+001      2.86688585661142818504E+0010
     3.97000000001000046268E+001      2.87475282123736263205E+0010
     3.98000000001000060479E+001      2.88246664053704428351E+0010
     3.99000000001000074690E+001      2.89002800561146372340E+0010
     4.00000000001000017846E+001      2.89744132424904213661E+0010
     4.01000000001000032057E+001      2.90469734624937285610E+0010
     4.02000000001000046268E+001      2.91180306563292010100E+0010
     4.03000000001000060479E+001      2.91875921738762392165E+0010
     4.04000000001000074690E+001      2.92556655044564528608E+0010
     4.05000000001000017846E+001      2.93222582714043159054E+0010
     4.06000000001000032057E+001      2.93873782267440432349E+0010
     4.07000000001000046268E+001      2.94510332459715036833E+0010
     4.08000000001000060479E+001      2.95132313229433903525E+0010
     4.09000000001000074690E+001      2.95739805648689037688E+0010
     4.10000000001000017846E+001      2.96332891874052582871E+0010
     4.11000000001000032057E+001      2.96911655098560541242E+0010
     4.12000000001000046268E+001      2.97476179504703534063E+0010
     4.13000000001000060479E+001      2.98026550218417501974E+0010
     4.14000000001000074690E+001      2.98562853264072527312E+0010
     4.15000000001000017846E+001      2.99085175520439162446E+0010
     4.16000000001000032057E+001      2.99593604677619700876E+0010
     4.17000000001000046268E+001      3.00088229194947121564E+0010
     4.18000000001000060479E+001      3.00569138259819370895E+0010
     4.19000000001000074690E+001      3.01036421747469101157E+0010
     4.20000000001000017846E+001      3.01490170181666178992E+0010
     4.21000000001000032057E+001      3.01930474696313340232E+0010
     4.22000000001000046268E+001      3.02357426997954021504E+0010
     4.23000000001000060479E+001      2.98863923145777513215E+0011
     4.24000000001000074690E+001      3.03171644432770090437E+0010
     4.25000000001000017846E+001      3.03559095517053202713E+0010
     4.26000000001000032057E+001      3.03933566221630563570E+0010
     4.27000000001000046268E+001      3.04295150584303511335E+0010
     4.28000000001000060479E+001      3.04643943008667108229E+0010
     4.29000000001000074690E+001      5.34535622028228300018E+0011
     4.30000000001000017846E+001      3.05303531297239704458E+0010
     4.31000000001000032057E+001      3.05614517517501649952E+0010
     4.32000000001000046268E+001      3.05913092452362580814E+0010
     4.33000000001000060479E+001      3.06199351876656644431E+0010
     4.34000000001000074690E+001      3.06473391753316739266E+0010
     4.35000000001000017846E+001      3.06735308206399063654E+0010
     4.36000000001000032057E+001      3.06985197494829287436E+0010
     4.37000000001000046268E+001      3.07223155986855351202E+0010
     4.38000000001000060479E+001      3.07449280135202731854E+0010
     4.39000000001000074690E+001      3.07663666452901979889E+0010
     4.40000000001000017846E+001      3.07866411489803502285E+0010
     4.41000000001000032057E+001      3.08057611809737315997E+0010
     4.42000000001000046268E+001      3.08237363968324857479E+0010
     4.43000000001000060479E+001      3.08405764491433355198E+0010
     4.44000000001000074690E+001      3.08562909854240165714E+0010
     4.45000000001000017846E+001      3.08708896460923358356E+0010
     4.46000000001000032057E+001      3.08843820624939001250E+0010
     4.47000000001000046268E+001      3.08967778549893815250E+0010
     4.48000000001000060479E+001      3.09080866310995978401E+0010
     4.49000000001000074690E+001      3.09183179837066423053E+0010
     4.50000000001000017846E+001      3.09274814893107053253E+0010
     4.51000000001000032057E+001      3.09355867063413257537E+0010
     4.52000000001000046268E+001      3.09426431735216736856E+0010
     4.53000000001000060479E+001      3.09486604082847685905E+0010
     4.54000000001000074690E+001      3.09536479052414965480E+0010
     4.55000000001000017846E+001      3.09576151346976340001E+0010
     4.56000000001000032057E+001      3.09605715412205704328E+0010
     4.57000000001000046268E+001      3.09625265422536459667E+0010
     4.58000000001000060479E+001      3.09634895267777275092E+0010
     4.59000000001000074690E+001      3.09634698540179021061E+0010
     4.60000000001000017846E+001      3.09624768521957960224E+0010
     4.61000000001000032057E+001      3.09605198173257904366E+0010
     4.62000000001000046268E+001      3.09576080120539243103E+0010
     4.63000000001000060479E+001      3.09537506645388011669E+0010
     4.64000000001000074690E+001      3.09489569673736411700E+0010
     4.65000000001000017846E+001      3.09432360765488093083E+0010
     4.66000000001000032057E+001      3.09365971104530795535E+0010
     4.67000000001000046268E+001      3.09290491489138805212E+0010
     4.68000000001000060479E+001      3.09206012322741103092E+0010
     4.69000000001000074690E+001      3.09112623605063934991E+0010
     4.70000000001000017846E+001      3.09010414923629568414E+0010
     4.71000000001000032057E+001      3.08899475445603621077E+0010
     4.72000000001000046268E+001      3.08779893909976484954E+0010
     4.73000000001000060479E+001      3.08651758620091953394E+0010
     4.74000000001000074690E+001      3.08515157436489949950E+0010
     4.75000000001000017846E+001      3.08370177770068660104E+0010
     4.76000000001000032057E+001      3.08216906575557264960E+0010
     4.77000000001000046268E+001      3.08055430345291210355E+0010
     4.78000000001000060479E+001      3.07885835103282774241E+0010
     4.79000000001000074690E+001      3.07708206399574094498E+0010
     4.80000000001000017846E+001      3.07522629304875992465E+0010
     4.81000000001000032057E+001      3.07329188405476593460E+0010
     4.82000000001000046268E+001      3.07127967798417114693E+0010
     4.83000000001000060479E+001      3.06919051086928344552E+0010
     4.84000000001000074690E+001      3.06702521376116613975E+0010
     4.85000000001000017846E+001      1.02213314092574561524E+0011
     4.86000000001000032057E+001      1.69550391706283020001E+0011
     4.87000000001000046268E+001      3.06008077743258184184E+0010
     4.88000000001000060479E+001      3.05761916986453796461E+0010
     4.89000000001000074690E+001      3.05508551149978523176E+0010
     4.90000000001000017846E+001      3.05248060273000835400E+0010
     4.91000000001000032057E+001      3.04980523872928492211E+0010
     4.92000000001000046268E+001      3.04706020942896501023E+0010
     4.93000000001000060479E+001      3.04424629949449922766E+0010
     4.94000000001000074690E+001      3.04136428830424729684E+0010
     4.95000000001000017846E+001      3.03841494993010464245E+0010
     4.96000000001000032057E+001      3.03539905312001429085E+0010
     4.97000000001000046268E+001      3.03231736128220319274E+0010
     4.98000000001000060479E+001      3.02917063247116499104E+0010
     4.99000000001000074690E+001      8.04764394537767824468E+0010
     5.00000000001000017846E+001      3.02268964025473125128E+0010
     5.01000000001000032057E+001      3.01936449149598158842E+0010
     5.02000000001000046268E+001      2.82942299321502079449E+0010
     5.03000000001000060479E+001      2.72701210672024728513E+0010
     5.04000000001000074690E+001      2.72547384341108814459E+0010
     5.05000000001000017846E+001      2.72386680538906315786E+0010
     5.06000000001000032057E+001      2.72219166313483075692E+0010
     5.07000000001000046268E+001      2.72044908394065059302E+0010
     5.08000000001000060479E+001      2.71863973186536541820E+0010
     5.09000000001000074690E+001      2.71676426769131373099E+0010
     5.10000000001000017846E+001      2.71482334888310872593E+0010
     5.11000000001000032057E+001      2.71281762954823861713E+0010
     5.12000000001000046268E+001      2.71074776039950629918E+0010
     5.13000000001000060479E+001      2.70861438871911891268E+0010
     5.14000000001000074690E+001      2.70641815832460596701E+0010
     5.15000000001000017846E+001      2.70415970953630616592E+0010
     5.16000000001000032057E+001      2.70183967914653348623E+0010
     5.17000000001000046268E+001      2.69945870039031706574E+0010
     5.18000000001000060479E+001      2.69701740291769612833E+0010
     5.19000000001000074690E+001      2.69451641276751636616E+0010
     5.20000000001000017846E+001      2.69195635234273650636E+0010
     5.21000000001000032057E+001      2.68933784038712696049E+0010
     5.22000000001000046268E+001      2.68666149196341745824E+0010
     5.23000000001000060479E+001      2.68392791843279057288E+0010
     5.24000000001000074690E+001      2.68113772743572133541E+0010
     5.25000000001000017846E+001      2.67829152287413366680E+0010
     5.26000000001000032057E+001      2.67538990489478061301E+0010
     5.27000000001000046268E+001      2.67243346987392681146E+0010
     5.28000000001000060479E+001      2.66942281040317789083E+0010
     5.29000000001000074690E+001      2.66635851527653591736E+0010
     5.30000000001000017846E+001      2.66324116947855988566E+0010
     5.31000000001000032057E+001      2.66007135417366412280E+0010
     5.32000000001000046268E+001      2.65684964669649451993E+0010
     5.33000000001000060479E+001      2.65357662054336138291E+0010
     5.34000000001000074690E+001      2.65025284536469889347E+0010
     5.35000000001000017846E+001      2.64687888695854879120E+0010
     5.36000000001000032057E+001      2.64345530726496686861E+0010
     5.37000000001000046268E+001      2.63998266436142466384E+0010
     5.38000000001000060479E+001      2.63646151245912095890E+0010
     5.39000000001000074690E+001      2.63289240190017537569E+0010
     5.40000000001000017846E+001      2.62927587915570909850E+0010
     5.41000000001000032057E+001      2.62561248682474374963E+0010
     5.42000000001000046268E+001      2.62190276363397474009E+0010
     5.43000000001000060479E+001      2.61814724443828555740E+0010
     5.44000000001000074690E+001      2.61434646022207282453E+0010
     5.45000000001000017846E+001      2.61050093810131029151E+0010
     5.46000000001000032057E+001      2.60661120132636242717E+0010
     5.47000000001000046268E+001      2.60267776928548242340E+0010
     5.48000000001000060479E+001      2.59870115750899666113E+0010
     5.49000000001000074690E+001      2.59468187767421136466E+0010
     5.50000000001000017846E+001      2.59062043761088251062E+0010
     5.51000000001000032057E+001      2.58651734130737190004E+0010
     5.52000000001000046268E+001      2.58237308891740698568E+0010
     5.53000000001000060479E+001      2.57818817676739254080E+0010
     5.54000000001000074690E+001      2.57396309736434512671E+0010
     5.55000000001000017846E+001      2.56969833940433845664E+0010
     5.56000000001000032057E+001      2.56539438778148959805E+0010
     5.57000000001000046268E+001      2.56105172359749263407E+0010
     5.58000000001000060479E+001      2.55667082417161286581E+0010
     5.59000000001000074690E+001      2.55225216305117841842E+0010
     5.60000000001000017846E+001      2.54779621002256756925E+0010
     5.61000000001000032057E+001      2.54330343112258975259E+0010
     5.62000000001000046268E+001      2.53877428865035608618E+0010
     5.63000000001000060479E+001      2.53420924117953816078E+0010
     5.64000000001000074690E+001      2.52960874357105190485E+0010
     5.65000000001000017846E+001      2.52497324698611640407E+0010
     5.66000000001000032057E+001      2.52030319889970714501E+0010
     5.67000000001000046268E+001      2.51559904311435042890E+0010
     5.68000000001000060479E+001      2.51086121977428170988E+0010
     5.69000000001000074690E+001      2.50609016537995560882E+0010
     5.70000000001000017846E+001      2.50128631280283474808E+0010
     5.71000000001000032057E+001      2.49645009130054497536E+0010
     5.72000000001000046268E+001      2.49158192653228048776E+0010
     5.73000000001000060479E+001      2.48668224057453115843E+0010
     5.74000000001000074690E+001      2.48175145193705771401E+0010
     5.75000000001000017846E+001      2.47678997557915850709E+0010
     5.76000000001000032057E+001      2.47179822292615601624E+0010
     5.77000000001000046268E+001      2.46677660188616862051E+0010
     5.78000000001000060479E+001      2.46172551686705135793E+0010
     5.79000000001000074690E+001      2.45664536879362000422E+0010
     5.80000000001000017846E+001      2.45153655512505940722E+0010
     5.81000000001000032057E+001      2.44639946987251253779E+0010
     5.82000000001000046268E+001      2.44123450361689629209E+0010
     5.83000000001000060479E+001      2.43604204352687616136E+0010
     5.84000000001000074690E+001      2.43082247337701892408E+0010
     5.85000000001000017846E+001      2.42557617356611003170E+0010
     5.86000000001000032057E+001      2.42030352113563788250E+0010
     5.87000000001000046268E+001      2.41500488978838670424E+0010
     5.88000000001000060479E+001      2.40968064990721453790E+0010
     5.89000000001000074690E+001      2.40433116857394133771E+0010
     5.90000000001000017846E+001      2.39895680958834343578E+0010
     5.91000000001000032057E+001      2.39355793348728187929E+0010
     5.92000000001000046268E+001      2.38813489756395039254E+0010
     5.93000000001000060479E+001      2.38268805588718317891E+0010
     5.94000000001000074690E+001      2.37721775932089785890E+0010
     5.95000000001000017846E+001      2.37172435554360521553E+0010
     5.96000000001000032057E+001      2.36620818906798256613E+0010
     5.97000000001000046268E+001      2.36066960126056161231E+0010
     5.98000000001000060479E+001      2.35510893036144981871E+0010
     5.99000000001000074690E+001      2.34952651150412106110E+0010
     6.00000000001000017846E+001      2.34392275292633472007E+0010
     6.01000000001000032057E+001      2.33829743686342346716E+0010
     6.02000000001000046268E+001      2.33265136705521085918E+0010
     6.03000000001000060479E+001      2.32698486733882252314E+0010
     6.04000000001000074690E+001      2.32129825845344443980E+0010
     6.05000000001000017846E+001      2.31559185811298403111E+0010
     6.06000000001000032057E+001      2.30986598102704112464E+0010
     6.07000000001000046268E+001      2.30412093892195331879E+0010
     6.08000000001000060479E+001      2.29835704056175201257E+0010
     6.09000000001000074690E+001      2.29257459176918217098E+0010
     6.10000000001000017846E+001      2.28677389544667284085E+0010
     6.11000000001000032057E+001      2.28095525159729783303E+0010
     6.12000000001000046268E+001      2.27511895734571389916E+0010
     6.13000000001000060479E+001      2.26926530695908326740E+0010
     6.14000000001000074690E+001      2.26339459186796300952E+0010
     6.15000000001000017846E+001      2.25750710068716290660E+0010
     6.16000000001000032057E+001      2.25160311923656525399E+0010
     6.17000000001000046268E+001      2.24568293056191197800E+0010
     6.18000000001000060479E+001      2.23974681495553613396E+0010
     6.19000000001000074690E+001      2.23379504997708019192E+0010
     6.20000000001000017846E+001      2.22782791047412497546E+0010
     6.21000000001000032057E+001      2.22184566860279338637E+0010
     6.22000000001000046268E+001      2.21584859384830510634E+0010
     6.23000000001000060479E+001      2.20983695304544772935E+0010
     6.24000000001000074690E+001      2.20381101039901527822E+0010
     6.25000000001000017846E+001      2.19777102750417048332E+0010
     6.26000000001000032057E+001      2.19171726336674761514E+0010
     6.27000000001000046268E+001      2.18564997442348591274E+0010
     6.28000000001000060479E+001      2.17956941456220139630E+0010
     6.29000000001000074690E+001      2.17347583514187933600E+0010
     6.30000000001000017846E+001      2.16736948501268394249E+0010
     6.31000000001000032057E+001      2.16125061053592871003E+0010
     6.32000000001000046268E+001      2.15511945560391893774E+0010
     6.33000000001000060479E+001      2.14897626165976102924E+0010
     6.34000000001000074690E+001      2.14282126771706060662E+0010
     6.35000000001000017846E+001      2.13665471037955103736E+0010
     6.36000000001000032057E+001      2.13047682386063227021E+0010
     6.37000000001000046268E+001      2.12428784000283028862E+0010
     6.38000000001000060479E+001      2.11808798829715904073E+0010
     6.39000000001000074690E+001      2.11187749590225343234E+0010
     6.40000000001000017846E+001      2.10565658766415249315E+0010
     6.41000000001000103111E+001      2.09942548613450243955E+0010
     6.42000000001000046268E+001      2.09318441159014711432E+0010
     6.43000000000999989425E+001      2.08693358205189718706E+0010
     6.44000000001000074690E+001      2.08067321330334561718E+0010
     6.45000000001000017846E+001      2.07440351890957023543E+0010
     6.46000000001000103111E+001      2.06812471023576310950E+0010
     6.47000000001000046268E+001      2.06183699646575084583E+0010
     6.48000000000999989425E+001      2.05554058462041408318E+0010
     6.49000000001000074690E+001      2.04923567957599916614E+0010
     6.50000000001000017846E+001      2.04292248408235020475E+0010
     6.51000000001000103111E+001      2.03660119878101806798E+0010
     6.52000000001000046268E+001      2.03027202222328236659E+0010
     6.53000000000999989425E+001      2.02393515088804433103E+0010
     6.54000000001000074690E+001      2.01759077919965346829E+0010
     6.55000000001000017846E+001      2.01123909954560056741E+0010
     6.56000000001000103111E+001      2.00488030229410830264E+0010
     6.57000000001000046268E+001      1.99851457581163471886E+0010
     6.58000000000999989425E+001      1.99214210648024649816E+0010
     6.59000000001000074690E+001      1.98576307871489341261E+0010
     6.60000000001000017846E+001      1.97937767498059513789E+0010
     6.61000000001000103111E+001      1.97298607580948603954E+0010
     6.62000000001000046268E+001      1.96658845981777839990E+0010
     6.63000000000999989425E+001      1.96018500372260625928E+0010
     6.64000000001000074690E+001      1.95377588235875965042E+0010
     6.65000000001000017846E+001      1.94736126869532607227E+0010
     6.66000000001000103111E+001      1.94094133385219022658E+0010
     6.67000000001000046268E+001      1.93451624711646446857E+0010
     6.68000000000999989425E+001      1.92808617595878045679E+0010
     6.69000000001000074690E+001      1.92165128604947564565E+0010
     6.70000000001000017846E+001      1.91521174127468867098E+0010
     6.71000000001000103111E+001      1.90876770375232493723E+0010
     6.72000000001000046268E+001      1.90231933384792049031E+0010
     6.73000000000999989425E+001      1.89586679019039755037E+0010
     6.74000000001000074690E+001      1.88941022968769924396E+0010
     6.75000000001000017846E+001      1.88294980754234242944E+0010
     6.76000000001000103111E+001      1.87648567726682106860E+0010
     6.77000000001000046268E+001      1.87001799069894177130E+0010
     6.78000000000999989425E+001      1.86354689801701189158E+0010
     6.79000000001000074690E+001      1.85707254775494938273E+0010
     6.80000000001000017846E+001      1.85059508681726169001E+0010
     6.81000000001000103111E+001      1.84411466049393089395E+0010
     6.82000000001000046268E+001      1.83763141247518125283E+0010
     6.83000000000999989425E+001      1.83114548486613260364E+0010
     6.84000000001000074690E+001      1.82465701820137005542E+0010
     6.85000000001000017846E+001      1.81816615145937499013E+0010
     6.86000000001000103111E+001      1.81167302207686546848E+0010
     6.87000000001000046268E+001      1.80517776596302896038E+0010
     6.88000000000999989425E+001      1.79868051751363841007E+0010
     6.89000000001000074690E+001      1.79218140962507365719E+0010
     6.90000000001000017846E+001      1.78568057370822526502E+0010
     6.91000000001000103111E+001      1.77917813970229876307E+0010
     6.92000000001000046268E+001      1.77267423608851028700E+0010
     6.93000000000999989425E+001      1.76616898990367572652E+0010
     6.94000000001000074690E+001      1.75966252675368910558E+0010
     6.95000000001000017846E+001      1.75315497082692138711E+0010
     6.96000000001000103111E+001      1.74664644490747484832E+0010
     6.97000000001000046268E+001      1.74013707038836250689E+0010
     6.98000000000999989425E+001      1.73362696728458119544E+0010
     6.99000000001000074690E+001      1.72711625424606329528E+0010
     7.00000000001000017846E+001      1.72060504857055032053E+0010
     7.01000000001000103111E+001      1.71409346621633762533E+0010
     7.02000000001000046268E+001      1.70758162181494710219E+0010
     7.03000000000999989425E+001      1.70106962868366725895E+0010
     7.04000000001000074690E+001      1.69455759883801421779E+0010
     7.05000000001000017846E+001      1.68804564300408724388E+0010
     7.06000000001000103111E+001      1.68153387063081033097E+0010
     7.07000000001000046268E+001      1.67502238990210212333E+0010
     7.08000000000999989425E+001      1.66851130774891413880E+0010
     7.09000000001000074690E+001      1.66200072986119399991E+0010
     7.10000000001000017846E+001      1.65549076069974394973E+0010
     7.11000000001000103111E+001      1.64898150350797034900E+0010
     7.12000000001000046268E+001      1.64247306032355990712E+0010
     7.13000000000999989425E+001      1.63596553199003673745E+0010
     7.14000000001000074690E+001      1.62945901816822827279E+0010
     7.15000000001000017846E+001      1.62295361734764986183E+0010
     7.16000000001000103111E+001      1.61644942685777197069E+0010
     7.17000000001000046268E+001      1.60994654287921580088E+0010
     7.18000000000999989425E+001      1.60344506045483267254E+0010
     7.19000000001000074690E+001      1.59694507350070822345E+0010
     7.20000000001000017846E+001      1.59044667481706528486E+0010
     7.21000000001000103111E+001      1.58394995609906898764E+0010
     7.22000000001000046268E+001      1.57745500794755826266E+0010
     7.23000000000999989425E+001      1.57096191987966468428E+0010
     7.24000000001000074690E+001      1.56447078033935420505E+0010
     7.25000000001000017846E+001      1.55798167670787633089E+0010
     7.26000000001000103111E+001      1.55149469531411917846E+0010
     7.27000000001000046268E+001      1.54500992144488615676E+0010
     7.28000000000999989425E+001      1.53852743935506663425E+0010
     7.29000000001000074690E+001      1.53204733227773613349E+0010
     7.30000000001000017846E+001      1.52556968243416423672E+0010
     7.31000000001000103111E+001      1.51909457104373029764E+0010
     7.32000000001000046268E+001      1.51262207833375621943E+0010
     7.33000000000999989425E+001      1.50615228354926140044E+0010
     7.34000000001000074690E+001      1.49968526496261473771E+0010
     7.35000000001000017846E+001      1.49322109988312661528E+0010
     7.36000000001000103111E+001      1.48675986466653476744E+0010
     7.37000000001000046268E+001      1.48030163472441838135E+0010
     7.38000000000999989425E+001      1.47384648453353276176E+0010
     7.39000000001000074690E+001      1.46739448764504668234E+0010
     7.40000000001000017846E+001      1.46094571669372136663E+0010
     7.41000000001000103111E+001      1.45450024340698546344E+0010
     7.42000000001000046268E+001      1.44805813861394737542E+0010
     7.43000000000999989425E+001      1.44161947225431435259E+0010
     7.44000000001000074690E+001      1.43518431338724485979E+0010
     7.45000000001000017846E+001      1.42875273020011519023E+0010
     7.46000000001000103111E+001      1.42232479001720698264E+0010
     7.47000000001000046268E+001      1.41590055930832341006E+0010
     7.48000000000999989425E+001      1.40948010369732446331E+0010
     7.49000000001000074690E+001      1.40306348797058440548E+0010
     7.50000000001000017846E+001      1.39665077608538382012E+0010
     7.51000000001000103111E+001      1.39024203117820848922E+0010
     7.52000000001000046268E+001      1.38383731557299598949E+0010
     7.53000000000999989425E+001      1.37743669078928618710E+0010
     7.54000000001000074690E+001      1.37104021755031601159E+0010
     7.55000000001000017846E+001      1.36464795579103676466E+0010
     7.56000000001000103111E+001      1.35825996466604960883E+0010
     7.57000000001000046268E+001      1.35187630255748557977E+0010
     7.58000000000999989425E+001      1.34549702708279966029E+0010
     7.59000000001000074690E+001      1.33912219510250539305E+0010
     7.60000000001000017846E+001      1.33275186272783705410E+0010
     7.61000000001000103111E+001      1.32638608532833414076E+0010
     7.62000000001000046268E+001      1.32002491753937477192E+0010
     7.63000000000999989425E+001      1.31366841326961761471E+0010
     7.64000000001000074690E+001      1.30731662570839617733E+0010
     7.65000000001000017846E+001      1.30096960733304350630E+0010
     7.66000000001000103111E+001      1.29462740991613291345E+0010
     7.67000000001000046268E+001      1.28829008453267863649E+0010
     7.68000000001000131533E+001      1.28195768156724748594E+0010
     7.69000000001000074690E+001      1.27563025072102344591E+0010
     7.70000000001000017846E+001      1.26930784101879877433E+0010
     7.71000000001000103111E+001      1.26299050081590103329E+0010
     7.72000000001000046268E+001      1.25667827780506350544E+0010
     7.73000000001000131533E+001      1.25037121902322552810E+0010
     7.74000000001000074690E+001      1.24406937085827849072E+0010
     7.75000000001000017846E+001      1.23777277905573828276E+0010
     7.76000000001000103111E+001      1.23148148872537203934E+0010
     7.77000000001000046268E+001      1.22519554434775404472E+0010
     7.78000000001000131533E+001      1.21891498978076067998E+0010
     7.79000000001000074690E+001      1.21263986826601799710E+0010
     7.80000000001000017846E+001      1.20637022243527266494E+0010
     7.81000000001000103111E+001      1.20010609431672037492E+0010
     7.82000000001000046268E+001      1.19384752534126843505E+0010
     7.83000000001000131533E+001      1.18759455634873978523E+0010
     7.84000000001000074690E+001      1.18134722759402989195E+0010
     7.85000000001000017846E+001      1.17510557875319237244E+0010
     7.86000000001000103111E+001      1.16886964892947965286E+0010
     7.87000000001000046268E+001      1.16263947665933041978E+0010
     7.88000000001000131533E+001      1.15641509991829227137E+0010
     7.89000000001000074690E+001      1.15019655612689698627E+0010
     7.90000000001000017846E+001      1.14398388215648134665E+0010
     7.91000000001000103111E+001      1.13777711433495172368E+0010
     7.92000000001000046268E+001      1.13157628845250347011E+0010
     7.93000000001000131533E+001      1.12538143976727403957E+0010
     7.94000000001000074690E+001      1.11919260301096436003E+0010
     7.95000000001000017846E+001      1.11300981239438580795E+0010
     7.96000000001000103111E+001      1.10683310161297807241E+0010
     7.97000000001000046268E+001      1.10066250385226266499E+0010
     7.98000000001000131533E+001      1.09449805179325070919E+0010
     7.99000000001000074690E+001      1.08833977761780447883E+0010
     8.00000000001000017846E+001      1.08218772190341276586E+0010
     8.01000000001000103111E+001      1.07604204200943575160E+0010
     8.02000000001000046268E+001      1.06990263234895766671E+0010
     8.03000000001000131533E+001      1.06376952122421551347E+0010
     8.04000000001000074690E+001      1.05764273835141538823E+0010
     8.05000000001000017846E+001      1.05152231298359220534E+0010
     8.06000000001000103111E+001      1.04540827391549563321E+0010
     8.07000000001000046268E+001      1.03930064948842596625E+0010
     8.08000000001000131533E+001      1.03319946759502774469E+0010
     8.09000000001000074690E+001      1.02710475568404614129E+0010
     8.10000000001000017846E+001      1.02101654076503562392E+0010
     8.11000000001000103111E+001      1.01493484941303488692E+0010
     8.12000000001000046268E+001      1.00885970777319677155E+0010
     8.13000000001000131533E+001      1.00279114156537793268E+0010
     8.14000000001000074690E+001      9.96729176088695059484E+0009
     8.15000000001000017846E+001      9.90673836226032978362E+0009
     8.16000000001000103111E+001      9.84625146448521831255E+0009
     8.17000000001000046268E+001      9.78583130819972763354E+0009
     8.18000000001000131533E+001      9.72547813001272945761E+0009
     8.19000000001000074690E+001      9.66519216254752758387E+0009
     8.20000000001000017846E+001      9.60497363448501973201E+0009
     8.21000000001000103111E+001      9.54482277060661468008E+0009
     8.22000000001000046268E+001      9.48473979183675509750E+0009
     8.23000000001000131533E+001      9.42472491528503455876E+0009
     8.24000000001000074690E+001      9.36477835428803302831E+0009
     8.25000000001000017846E+001      9.30490031845073359502E+0009
     8.26000000001000103111E+001      9.24509101368767045975E+0009
     8.27000000001000046268E+001      9.18535064226368264800E+0009
     8.28000000001000131533E+001      9.12567940283432287805E+0009
     8.29000000001000074690E+001      9.06607749048602243007E+0009
     8.30000000001000017846E+001      9.00654509677579514009E+0009
     8.31000000001000103111E+001      8.94708240977071896499E+0009
     8.32000000001000046268E+001      8.88768961408709818509E+0009
     8.33000000001000131533E+001      8.82836689092923370584E+0009
     8.34000000001000074690E+001      8.76911441812797286680E+0009
     8.35000000001000017846E+001      8.70993237017889420496E+0009
     8.36000000001000103111E+001      8.65082091828019188899E+0009
     8.37000000001000046268E+001      8.59178023037035230191E+0009
     8.38000000001000131533E+001      8.53281047116537769678E+0009
     8.39000000001000074690E+001      8.47391180219590902480E+0009
     8.40000000001000017846E+001      8.41508438184388649431E+0009
     8.41000000001000103111E+001      8.35632836537906806381E+0009
     8.42000000001000046268E+001      8.29764390499520753841E+0009
     8.43000000001000131533E+001      8.23903114984598650814E+0009
     8.44000000001000074690E+001      8.18049024608067469126E+0009
     8.45000000001000017846E+001      8.12202133687951826239E+0009
     8.46000000001000103111E+001      8.06362456248888152334E+0009
     8.47000000001000046268E+001      8.00530006025620178955E+0009
     8.48000000001000131533E+001      7.94704796466454723684E+0009
     8.49000000001000074690E+001      7.88886840736712773815E+0009
     8.50000000001000017846E+001      7.83076151722139112920E+0009
     8.51000000001000103111E+001      7.77272742032301417357E+0009
     8.52000000001000046268E+001      7.71476624003963737195E+0009
     8.53000000001000131533E+001      7.65687809704433042551E+0009
     8.54000000001000074690E+001      7.59906310934893331260E+0009
     8.55000000001000017846E+001      7.54132139233708715146E+0009
     8.56000000001000103111E+001      7.48365305879715234379E+0009
     8.57000000001000046268E+001      7.42605821895490118192E+0009
     8.58000000001000131533E+001      7.36853698050596072897E+0009
     8.59000000001000074690E+001      7.31108944864819884826E+0009
     8.60000000001000017846E+001      7.25371572611377784611E+0009
     8.61000000001000103111E+001      7.19641591320115455768E+0009
     8.62000000001000046268E+001      7.13919010780687860376E+0009
     8.63000000001000131533E+001      7.08203840545718610047E+0009
     8.64000000001000074690E+001      7.02496089933952474716E+0009
     8.65000000001000017846E+001      6.96795768033383697319E+0009
     8.66000000001000103111E+001      6.91102883704378230019E+0009
     8.67000000001000046268E+001      6.85417445582780092320E+0009
     8.68000000001000131533E+001      6.79739462083002438185E+0009
     8.69000000001000074690E+001      6.74068941401111436485E+0009
     8.70000000001000017846E+001      6.68405891517895653781E+0009
     8.71000000001000103111E+001      6.62750320201926279130E+0009
     8.72000000001000046268E+001      6.57102235012612085069E+0009
     8.73000000001000131533E+001      6.51461643303235610747E+0009
     8.74000000001000074690E+001      6.45828552223995826816E+0009
     8.75000000001000017846E+001      6.40202968725030146808E+0009
     8.76000000001000103111E+001      6.34584899559439738376E+0009
     8.77000000001000046268E+001      6.28974351286310103864E+0009
     8.78000000001000131533E+001      6.23371330273719931129E+0009
     8.79000000001000074690E+001      6.17775842701758257556E+0009
     8.80000000001000017846E+001      6.12187894565528895671E+0009
     8.81000000001000103111E+001      6.06607491678163276226E+0009
     8.82000000001000046268E+001      6.01034639673830961135E+0009
     8.83000000001000131533E+001      5.95469344010748620448E+0009
     8.84000000001000074690E+001      5.89911609974197876216E+0009
     8.85000000001000017846E+001      5.84361442679544046764E+0009
     8.86000000001000103111E+001      5.78818847075259591026E+0009
     8.87000000001000046268E+001      5.73283827945962693590E+0009
     8.88000000001000131533E+001      5.67756389915451285312E+0009
     8.89000000001000074690E+001      5.62236537449763850298E+0009
     8.90000000001000017846E+001      5.56724274860235376673E+0009
     8.91000000001000103111E+001      5.51219606306580083614E+0009
     8.92000000001000046268E+001      5.45722535799987029753E+0009
     8.93000000001000131533E+001      5.40233067206224735762E+0009
     8.94000000001000074690E+001      5.34751204248780395368E+0009
     8.95000000001000017846E+001      5.29276950512005159827E+0009
     8.96000000001000103111E+001      5.23810309444293952225E+0009
     8.97000000001000046268E+001      5.18351284361289369252E+0009
     8.98000000001000131533E+001      5.12899878449108783235E+0009
     8.99000000001000074690E+001      5.07456094767612373815E+0009
     9.00000000001000017846E+001      5.02019936253694227001E+0009
     9.01000000001000103111E+001      4.96591405724617070384E+0009
     9.02000000001000046268E+001      4.91170505881389989313E+0009
     9.03000000001000131533E+001      4.85757239312177833971E+0009
     9.04000000001000074690E+001      4.80351608495770504651E+0009
     9.05000000001000017846E+001      4.74953615805090984076E+0009
     9.06000000001000103111E+001      4.69563263510763335525E+0009
     9.07000000001000046268E+001      4.64180553784742882325E+0009
     9.08000000001000131533E+001      4.58805488703995780213E+0009
     9.09000000001000074690E+001      4.53438070254260266114E+0009
     9.10000000001000017846E+001      4.48078300333868323506E+0009
     9.11000000001000103111E+001      4.42726180757650203226E+0009
     9.12000000001000046268E+001      4.37381713260923449481E+0009
     9.13000000001000131533E+001      4.32044899503562103876E+0009
     9.14000000001000074690E+001      4.26715741074170662498E+0009
     9.15000000001000017846E+001      4.21394239494351193033E+0009
     9.16000000001000103111E+001      4.16080396223084274155E+0009
     9.17000000001000046268E+001      4.10774212661227521137E+0009
     9.18000000001000131533E+001      4.05475690156130238211E+0009
     9.19000000001000074690E+001      4.00184830006396555678E+0009
     9.20000000001000017846E+001      3.94901633466773102687E+0009
     9.21000000001000103111E+001      3.89626101753206482524E+0009
     9.22000000001000046268E+001      3.84358236048058103445E+0009
     9.23000000001000131533E+001      3.79098037505491485557E+0009
     9.24000000001000074690E+001      3.73845507257058066981E+0009
     9.25000000001000017846E+001      3.68600646417474802543E+0009
     9.26000000001000103111E+001      3.63363456090627798278E+0009
     9.27000000001000046268E+001      3.58133937375807335880E+0009
     9.28000000001000131533E+001      3.52912091374189469538E+0009
     9.29000000001000074690E+001      3.47697919195595996937E+0009
     9.30000000001000017846E+001      3.42491421965534696020E+0009
     9.31000000001000103111E+001      3.37292600832558726990E+0009
     9.32000000001000046268E+001      3.32101456975964039711E+0009
     9.33000000001000131533E+001      3.26917991613841642163E+0009
     9.34000000001000074690E+001      3.21742206011529660532E+0009
     9.35000000001000017846E+001      3.16574101490481987800E+0009
     9.36000000001000103111E+001      3.11413679437597734975E+0009
     9.37000000001000046268E+001      3.06260941315044519459E+0009
     9.38000000001000131533E+001      3.01115888670611652904E+0009
     9.39000000001000074690E+001      2.95978523148652963726E+0009
     9.40000000001000017846E+001      2.90848846501648571907E+0009
     9.41000000001000103111E+001      2.85726860602456625410E+0009
     9.42000000001000046268E+001      2.80612567457310938455E+0009
     9.43000000001000131533E+001      2.75505969219618448055E+0009
     9.44000000001000074690E+001      2.70407068204654252000E+0009
     9.45000000001000017846E+001      2.65315866905205418732E+0009
     9.46000000001000103111E+001      2.60232368008280750318E+0009
     9.47000000001000046268E+001      2.55156574412972914742E+0009
     9.48000000001000131533E+001      2.50088489249579838358E+0009
     9.49000000001000074690E+001      2.45028115900128207002E+0009
     9.50000000001000017846E+001      2.39975458020415560382E+0009
     9.51000000001000103111E+001      2.34930519563749334396E+0009
     9.52000000001000046268E+001      2.29893304806544748153E+0009
     9.53000000001000131533E+001      2.24863818375980127432E+0009
     9.54000000001000074690E+001      2.19842065279944143338E+0009
     9.55000000001000017846E+001      2.14828050939513707645E+0009
     9.56000000001000103111E+001      2.09821781224261062457E+0009
     9.57000000001000046268E+001      2.04823262490716868390E+0009
     9.58000000001000131533E+001      1.99832501624348746411E+0009
     9.59000000001000074690E+001      1.94849506085505725081E+0009
     9.60000000001000017846E+001      1.89874283959797809613E+0009
     9.61000000001000103111E+001      1.84906844013489656389E+0009
     9.62000000001000046268E+001      1.79947195754564676616E+0009
     9.63000000001000131533E+001      1.74995349500197919320E+0009
     9.64000000001000074690E+001      1.70051316451553514444E+0009
     9.65000000001000017846E+001      1.65115108776911029747E+0009
     9.66000000001000103111E+001      1.60186739704352024127E+0009
     9.67000000001000046268E+001      1.55266223625437558248E+0009
     9.68000000001000131533E+001      1.50353576211559714916E+0009
     9.69000000001000074690E+001      1.45448814545010226233E+0009
     9.70000000001000017846E+001      1.40551957267161853898E+0009
     9.71000000001000103111E+001      1.35663024746693804678E+0009
     9.72000000001000046268E+001      1.30782039271381345482E+0009
     9.73000000001000131533E+001      1.25909025267740986026E+0009
     9.74000000001000074690E+001      1.21044009553823454028E+0009
     9.75000000001000017846E+001      1.16187021631654446654E+0009
     9.76000000001000103111E+001      1.11338094027462130036E+0009
     9.77000000001000046268E+001      1.06497262689882509273E+0009
     9.78000000001000131533E+001      1.01664567459071156225E+0009
     9.79000000001000074690E+001      9.68400526232877634767E+0008
     9.80000000001000017846E+001      9.20237675843524487394E+0008
     9.81000000001000103111E+001      8.72157676600224475720E+0008
     9.82000000001000046268E+001      8.24161150604520034717E+0008
     9.83000000001000131533E+001      7.76248800887006299958E+0008
     9.84000000001000074690E+001      7.28421426335609958556E+0008
     9.85000000001000017846E+001      6.80679940495133993397E+0008
     9.86000000001000103111E+001      6.33025395581704038799E+0008
     9.87000000001000046268E+001      5.85459013657357598103E+0008
     9.88000000001000131533E+001      5.37982227852244086300E+0008
     9.89000000001000074690E+001      4.90596738044615529365E+0008
     9.90000000001000017846E+001      4.43304587960229371235E+0008
     9.91000000001000103111E+001      3.96108275116210186287E+0008
     9.92000000001000046268E+001      3.49010913248583370264E+0008
     9.93000000001000131533E+001      3.02016482940983782477E+0008
     9.94000000001000074690E+001      2.55130240146177937879E+0008
     9.95000000001000017846E+001      2.08359431469047263286E+0008
     9.96000000001000103111E+001      1.61714675508291771988E+0008
     9.97000000001000046268E+001      1.15213044971668722862E+0008
     9.98000000001000131533E+001      6.88868362546631036947E+0007
     9.99000000001000074690E+001                               NaN
